TestNumber,Account,OPS_Req,OPS_Mean,OPS_Sd,Order,New,Calculated1,Filled,Calculated2,Total
1,100000,1,1.00,0.00,253063,12,6,3,1,22
1,100000,1,1.00,0.00,253064,9,9,6,1,25
1,100000,1,1.00,0.00,253065,7,7,2,6,22
1,100000,1,1.00,0.00,253066,7,6,2,4,19
1,100000,1,1.00,0.00,253067,8,7,5,2,22
1,100000,1,1.00,0.00,253068,7,6,5,1,19
1,100000,1,1.00,0.00,253069,7,7,2,5,21
1,100000,1,1.00,0.00,253070,9,9,4,2,24
1,100000,1,1.00,0.00,253071,9,6,1,5,21
1,100000,1,1.00,0.00,253072,7,6,5,1,19
1,100000,1,1.00,0.00,253073,7,6,5,2,20
1,100000,1,1.00,0.00,253074,8,7,2,4,21
1,100000,1,1.00,0.00,253075,7,7,5,1,20
1,100000,1,1.00,0.00,253076,14,6,2,6,28
1,100000,1,1.00,0.00,253077,9,7,1,5,22
1,100000,1,1.00,0.00,253078,6,7,4,1,18
1,100000,1,1.00,0.00,253079,13,11,0,4,28
1,100000,1,1.00,0.00,253080,6,6,4,1,17
1,100000,1,1.00,0.00,253081,7,7,1,3,18
1,100000,1,1.00,0.00,253082,7,9,5,1,22
1,100000,1,1.00,0.00,253083,7,6,2,4,19
1,100000,1,1.00,0.00,253084,10,6,1,4,21
1,100000,1,1.00,0.00,253085,7,6,2,4,19
1,100000,1,1.00,0.00,253086,7,7,2,3,19
1,100000,1,1.00,0.00,253087,7,9,2,4,22
1,100000,1,1.00,0.00,253088,6,6,2,5,19
1,100000,1,1.00,0.00,253089,7,6,5,1,19
1,100000,1,1.00,0.00,253090,7,9,1,5,22
1,100000,1,1.00,0.00,253091,6,7,1,4,18
1,100000,1,1.00,0.00,253092,9,8,4,1,22
1,100000,1,1.00,0.00,253093,6,6,4,1,17
1,100000,1,1.00,0.00,253094,7,6,4,1,18
1,100000,1,1.00,0.00,253095,6,6,2,4,18
1,100000,1,1.00,0.00,253096,6,8,1,5,20
1,100000,1,1.00,0.00,253097,8,6,2,4,20
1,100000,1,1.00,0.00,253098,8,6,1,4,19
1,100000,1,1.00,0.00,253099,8,7,4,1,20
1,100000,1,1.00,0.00,253100,7,6,2,4,19
1,100000,1,1.00,0.00,253101,7,6,1,3,17
1,100000,1,1.00,0.00,253102,11,8,4,1,24
1,100000,1,1.00,0.00,253103,7,6,5,2,20
1,100000,1,1.00,0.00,253104,8,6,2,4,20
1,100000,1,1.00,0.00,253105,7,6,4,1,18
1,100000,1,1.00,0.00,253106,6,6,2,5,19
1,100000,1,1.00,0.00,253107,7,6,1,5,19
1,100000,1,1.00,0.00,253108,7,7,4,2,20
1,100000,1,1.00,0.00,253109,9,8,4,1,22
1,100000,1,1.00,0.00,253110,6,7,2,5,20
1,100000,1,1.00,0.00,253111,10,6,5,1,22
1,100000,1,1.00,0.00,253112,7,6,4,1,18
1,100000,1,1.00,0.00,253113,7,7,4,1,19
1,100000,1,1.00,0.00,253114,7,7,2,4,20
1,100000,1,1.00,0.00,253115,11,7,2,4,24
1,100000,1,1.00,0.00,253116,6,6,1,4,17
1,100000,1,1.00,0.00,253117,6,7,2,4,19
1,100000,1,1.00,0.00,253118,6,6,4,1,17
1,100000,1,1.00,0.00,253119,11,7,1,4,23
1,100000,1,1.00,0.00,253120,7,6,2,4,19
1,100000,1,1.00,0.00,253121,9,7,1,5,22
1,100000,1,1.00,0.00,253122,8,10,2,5,25
1,100000,1,1.00,0.00,253123,6,6,1,4,17
1,100000,1,1.00,0.00,253124,7,7,1,4,19
1,100000,1,1.00,0.00,253125,7,12,5,1,25
1,100000,1,1.00,0.00,253126,10,5,4,1,20
1,100000,1,1.00,0.00,253127,10,8,5,1,24
1,100000,1,1.00,0.00,253128,10,8,9,1,28
1,100000,1,1.00,0.00,253129,7,5,2,5,19
1,100000,1,1.00,0.00,253130,8,6,4,1,19
1,100000,1,1.00,0.00,253131,7,6,1,5,19
1,100000,1,1.00,0.00,253132,6,6,4,1,17
1,100000,1,1.00,0.00,253133,7,10,1,4,22
1,100000,1,1.00,0.00,253134,11,48,5,1,65
1,100000,1,1.00,0.00,253135,7,6,1,4,18
1,100000,1,1.00,0.00,253136,7,6,2,4,19
1,100000,1,1.00,0.00,253137,7,7,4,1,19
1,100000,1,1.00,0.00,253138,7,7,1,3,18
1,100000,1,1.00,0.00,253139,7,6,1,5,19
1,100000,1,1.00,0.00,253140,7,6,1,4,18
1,100000,1,1.00,0.00,253141,7,8,10,3,28
1,100000,1,1.00,0.00,253142,9,6,2,5,22
1,100000,1,1.00,0.00,253143,7,6,2,4,19
1,100000,1,1.00,0.00,253144,7,6,2,5,20
1,100000,1,1.00,0.00,253145,6,6,2,5,19
1,100000,1,1.00,0.00,253146,8,6,2,4,20
1,100000,1,1.00,0.00,253147,6,7,5,1,19
1,100000,1,1.00,0.00,253148,7,7,4,1,19
1,100000,1,1.00,0.00,253149,7,5,1,5,18
1,100000,1,1.00,0.00,253150,7,7,2,3,19
1,100000,1,1.00,0.00,253151,7,7,4,1,19
1,100000,1,1.00,0.00,253152,7,7,1,4,19
1,100000,1,1.00,0.00,253153,6,7,4,1,18
1,100000,1,1.00,0.00,253154,12,6,1,4,23
1,100000,1,1.00,0.00,253155,9,6,4,2,21
1,100000,1,1.00,0.00,253156,8,5,1,5,19
1,100000,1,1.00,0.00,253157,7,6,1,4,18
1,100000,1,1.00,0.00,253158,9,3,1,5,18
1,100000,1,1.00,0.00,253159,7,6,2,3,18
1,100000,1,1.00,0.00,253160,7,5,2,3,17
1,100000,1,1.00,0.00,253161,7,6,2,4,19
1,100000,1,1.00,0.00,253162,6,6,4,1,17
1,100000,1,1.00,0.00,253163,6,8,1,4,19
1,100000,1,1.00,0.00,253164,7,6,2,3,18
1,100000,1,1.00,0.00,253165,8,7,1,6,22
1,100000,1,1.00,0.00,253166,7,7,1,5,20
1,100000,1,1.00,0.00,253167,6,7,4,1,18
1,100000,1,1.00,0.00,253168,6,8,1,4,19
1,100000,1,1.00,0.00,253169,7,7,4,2,20
1,100000,1,1.00,0.00,253170,7,8,4,1,20
1,100000,1,1.00,0.00,253171,7,6,2,4,19
1,100000,1,1.00,0.00,253172,7,7,2,4,20
1,100000,1,1.00,0.00,253173,7,5,5,2,19
1,100000,1,1.00,0.00,253174,9,5,2,4,20
1,100000,1,1.00,0.00,253175,7,7,4,1,19
1,100000,1,1.00,0.00,253176,8,6,2,4,20
1,100000,1,1.00,0.00,253177,7,7,4,1,19
1,100000,1,1.00,0.00,253178,8,10,4,1,23
1,100000,1,1.00,0.00,253179,7,8,5,7,27
1,100000,1,1.00,0.00,253180,6,7,1,4,18
1,100000,1,1.00,0.00,253181,6,8,1,3,18
1,100000,1,1.00,0.00,253182,7,6,5,1,19
1,100000,1,1.00,0.00,253183,15,8,4,1,28
1,100000,1,1.00,0.00,253184,8,5,5,1,19
1,100000,1,1.00,0.00,253185,6,6,4,1,17
1,100000,1,1.00,0.00,253186,6,6,1,5,18
1,100000,1,1.00,0.00,253187,7,5,2,4,18
1,100000,1,1.00,0.00,253188,6,6,2,5,19
1,100000,1,1.00,0.00,253189,6,6,1,5,18
1,100000,1,1.00,0.00,253190,6,6,2,4,18
1,100000,1,1.00,0.00,253191,7,6,1,5,19
1,100000,1,1.00,0.00,253192,7,6,1,4,18
1,100000,1,1.00,0.00,253193,6,7,1,5,19
1,100000,1,1.00,0.00,253194,16,7,1,5,29
1,100000,1,1.00,0.00,253195,6,7,1,3,17
1,100000,1,1.00,0.00,253196,7,6,1,4,18
1,100000,1,1.00,0.00,253197,10,5,1,3,19
1,100000,1,1.00,0.00,253198,7,6,2,4,19
1,100000,1,1.00,0.00,253199,7,7,1,4,19
1,100000,1,1.00,0.00,253200,9,5,4,1,19
1,100000,1,1.00,0.00,253201,7,6,4,1,18
1,100000,1,1.00,0.00,253202,8,5,2,5,20
1,100000,1,1.00,0.00,253203,11,10,4,1,26
1,100000,1,1.00,0.00,253204,6,5,2,5,18
1,100000,1,1.00,0.00,253205,8,8,2,4,22
1,100000,1,1.00,0.00,253206,10,7,4,2,23
1,100000,1,1.00,0.00,253207,7,6,2,3,18
1,100000,1,1.00,0.00,253208,7,7,4,1,19
1,100000,1,1.00,0.00,253209,8,8,4,1,21
1,100000,1,1.00,0.00,253210,6,6,2,4,18
1,100000,1,1.00,0.00,253211,6,6,1,5,18
1,100000,1,1.00,0.00,253212,7,7,4,1,19
1,100000,1,1.00,0.00,253213,8,8,1,4,21
1,100000,1,1.00,0.00,253214,7,7,1,4,19
1,100000,1,1.00,0.00,253215,10,6,4,1,21
1,100000,1,1.00,0.00,253216,8,6,1,3,18
1,100000,1,1.00,0.00,253217,8,7,4,1,20
1,100000,1,1.00,0.00,253218,7,6,2,4,19
1,100000,1,1.00,0.00,253219,8,6,5,2,21
1,100000,1,1.00,0.00,253220,7,6,1,5,19
1,100000,1,1.00,0.00,253221,7,5,5,1,18
1,100000,1,1.00,0.00,253222,6,7,4,2,19
1,100000,1,1.00,0.00,253223,6,8,4,1,19
1,100000,1,1.00,0.00,253224,7,9,1,4,21
1,100000,1,1.00,0.00,253225,6,8,4,2,20
1,100000,1,1.00,0.00,253226,7,6,1,3,17
1,100000,1,1.00,0.00,253227,8,6,1,4,19
1,100000,1,1.00,0.00,253228,7,7,4,2,20
1,100000,1,1.00,0.00,253229,8,4,2,4,18
1,100000,1,1.00,0.00,253230,9,6,4,1,20
1,100000,1,1.00,0.00,253231,7,7,5,1,20
1,100000,1,1.00,0.00,253232,6,6,4,2,18
1,100000,1,1.00,0.00,253233,6,6,1,5,18
1,100000,1,1.00,0.00,253234,7,6,2,4,19
1,100000,1,1.00,0.00,253235,6,6,2,4,18
1,100000,1,1.00,0.00,253236,6,6,2,4,18
1,100000,1,1.00,0.00,253237,6,6,4,1,17
1,100000,1,1.00,0.00,253238,6,7,1,4,18
1,100000,1,1.00,0.00,253239,6,6,5,1,18
1,100000,1,1.00,0.00,253240,6,7,2,4,19
1,100000,1,1.00,0.00,253241,7,6,4,2,19
1,100000,1,1.00,0.00,253242,7,7,1,4,19
1,100000,1,1.00,0.00,253243,23,5,4,1,33
1,100000,1,1.00,0.00,253244,9,28,2,7,46
1,100000,1,1.00,0.00,253245,7,7,1,5,20
1,100000,1,1.00,0.00,253246,8,7,2,4,21
1,100000,1,1.00,0.00,253247,6,10,1,4,21
1,100000,1,1.00,0.00,253248,7,7,2,4,20
1,100000,1,1.00,0.00,253249,6,6,1,4,17
1,100000,1,1.00,0.00,253250,6,9,4,1,20
1,100000,1,1.00,0.00,253251,7,7,2,4,20
1,100000,1,1.00,0.00,253252,7,7,1,5,20
1,100000,1,1.00,0.00,253253,7,10,1,3,21
1,100000,1,1.00,0.00,253254,8,7,2,3,20
1,100000,1,1.00,0.00,253255,8,7,4,2,21
1,100000,1,1.00,0.00,253256,8,5,1,4,18
1,100000,1,1.00,0.00,253257,8,5,1,4,18
1,100000,1,1.00,0.00,253258,7,7,1,4,19
1,100000,1,1.00,0.00,253259,7,5,2,5,19
1,100000,1,1.00,0.00,253260,7,6,1,3,17
1,100000,1,1.00,0.00,253261,6,6,1,4,17
1,100000,1,1.00,0.00,253262,6,6,5,2,19
1,100000,1,1.00,0.00,253263,7,7,2,4,20
1,100000,1,1.00,0.00,253264,7,8,4,2,21
1,100000,1,1.00,0.00,253265,6,7,4,2,19
1,100000,1,1.00,0.00,253266,6,7,2,4,19
1,100000,1,1.00,0.00,253267,6,8,2,4,20
1,100000,1,1.00,0.00,253268,7,6,1,4,18
1,100000,1,1.00,0.00,253269,7,7,4,2,20
1,100000,1,1.00,0.00,253270,8,6,1,4,19
1,100000,1,1.00,0.00,253271,7,6,1,4,18
1,100000,1,1.00,0.00,253272,8,6,1,6,21
1,100000,1,1.00,0.00,253273,6,6,1,5,18
1,100000,1,1.00,0.00,253274,7,8,2,4,21
1,100000,1,1.00,0.00,253275,6,7,4,2,19
1,100000,1,1.00,0.00,253276,7,6,2,4,19
1,100000,1,1.00,0.00,253277,7,7,4,1,19
1,100000,1,1.00,0.00,253278,11,6,2,4,23
1,100000,1,1.00,0.00,253279,6,7,4,1,18
1,100000,1,1.00,0.00,253280,7,7,4,1,19
1,100000,1,1.00,0.00,253281,7,7,1,3,18
1,100000,1,1.00,0.00,253282,6,6,4,1,17
1,100000,1,1.00,0.00,253283,6,6,4,1,17
1,100000,1,1.00,0.00,253284,8,6,4,2,20
1,100000,1,1.00,0.00,253285,8,6,2,5,21
1,100000,1,1.00,0.00,253286,7,7,1,5,20
1,100000,1,1.00,0.00,253287,8,6,5,2,21
1,100000,1,1.00,0.00,253288,7,6,2,5,20
1,100000,1,1.00,0.00,253289,8,5,2,5,20
1,100000,1,1.00,0.00,253290,7,6,2,4,19
1,100000,1,1.00,0.00,253291,6,7,2,4,19
1,100000,1,1.00,0.00,253292,6,6,2,5,19
1,100000,1,1.00,0.00,253293,7,7,1,4,19
1,100000,1,1.00,0.00,253294,6,6,5,1,18
1,100000,1,1.00,0.00,253295,6,7,4,1,18
1,100000,1,1.00,0.00,253296,7,6,4,1,18
1,100000,1,1.00,0.00,253297,6,7,2,4,19
1,100000,1,1.00,0.00,253298,7,8,4,1,20
1,100000,1,1.00,0.00,253299,9,7,2,5,23
1,100000,1,1.00,0.00,253300,8,6,2,4,20
1,100000,1,1.00,0.00,253301,7,5,4,1,17
1,100000,1,1.00,0.00,253302,7,5,4,2,18
1,100000,1,1.00,0.00,253303,7,6,1,4,18
1,100000,1,1.00,0.00,253304,6,11,3,2,22
1,100000,1,1.00,0.00,253305,7,5,2,5,19
1,100000,1,1.00,0.00,253306,6,7,2,4,19
1,100000,1,1.00,0.00,253307,8,8,5,1,22
1,100000,1,1.00,0.00,253308,6,5,2,4,17
1,100000,1,1.00,0.00,253309,6,7,2,4,19
1,100000,1,1.00,0.00,253310,7,9,4,2,22
1,100000,1,1.00,0.00,253311,7,6,4,4,21
1,100000,1,1.00,0.00,253312,6,8,1,4,19
1,100000,1,1.00,0.00,253313,8,9,5,1,23
1,100000,1,1.00,0.00,253314,8,27,9,1,45
1,100000,1,1.00,0.00,253315,7,9,4,2,22
1,100000,1,1.00,0.00,253316,8,6,4,2,20
1,100000,1,1.00,0.00,253317,7,6,1,4,18
1,100000,1,1.00,0.00,253318,6,7,1,4,18
1,100000,1,1.00,0.00,253319,6,6,1,4,17
1,100000,1,1.00,0.00,253320,7,6,2,4,19
1,100000,1,1.00,0.00,253321,6,7,4,1,18
1,100000,1,1.00,0.00,253322,7,6,1,4,18
1,100000,1,1.00,0.00,253323,15,6,4,4,29
1,100000,1,1.00,0.00,253324,6,8,2,5,21
1,100000,1,1.00,0.00,253325,7,7,1,4,19
1,100000,1,1.00,0.00,253326,6,7,4,1,18
1,100000,1,1.00,0.00,253327,6,7,1,4,18
1,100000,1,1.00,0.00,253328,8,6,1,4,19
1,100000,1,1.00,0.00,253329,7,7,4,2,20
1,100000,1,1.00,0.00,253330,7,6,2,4,19
1,100000,1,1.00,0.00,253331,7,6,2,4,19
1,100000,1,1.00,0.00,253332,8,5,2,5,20
1,100000,1,1.00,0.00,253333,8,9,4,1,22
1,100000,1,1.00,0.00,253334,8,6,2,4,20
1,100000,1,1.00,0.00,253335,7,6,1,4,18
1,100000,1,1.00,0.00,253336,7,5,2,4,18
1,100000,1,1.00,0.00,253337,8,6,3,1,18
1,100000,1,1.00,0.00,253338,7,10,4,1,22
1,100000,1,1.00,0.00,253339,6,7,4,1,18
1,100000,1,1.00,0.00,253340,6,6,4,1,17
1,100000,1,1.00,0.00,253341,7,6,1,4,18
1,100000,1,1.00,0.00,253342,6,7,4,1,18
1,100000,1,1.00,0.00,253343,8,9,5,1,23
1,100000,1,1.00,0.00,253344,7,6,4,1,18
1,100000,1,1.00,0.00,253345,6,7,1,4,18
1,100000,1,1.00,0.00,253346,6,6,5,1,18
1,100000,1,1.00,0.00,253347,7,5,2,3,17
1,100000,1,1.00,0.00,253348,8,5,5,1,19
1,100000,1,1.00,0.00,253349,7,5,5,1,18
1,100000,1,1.00,0.00,253350,7,5,5,1,18
1,100000,1,1.00,0.00,253351,8,6,2,4,20
1,100000,1,1.00,0.00,253352,6,7,4,1,18
1,100000,1,1.00,0.00,253353,6,8,4,2,20
1,100000,1,1.00,0.00,253354,6,7,1,4,18
1,100000,1,1.00,0.00,253355,10,6,2,4,22
1,100000,1,1.00,0.00,253356,7,6,2,4,19
1,100000,1,1.00,0.00,253357,7,6,4,1,18
1,100000,1,1.00,0.00,253358,7,6,2,6,21
1,100000,1,1.00,0.00,253359,8,7,5,1,21
1,100000,1,1.00,0.00,253360,6,6,2,4,18
1,100000,1,1.00,0.00,253361,7,5,4,2,18
1,100000,1,1.00,0.00,253362,7,10,4,2,23
