TestNumber,Account,OPS_Req,OPS_Mean,OPS_Sd,Order,New,Calculated1,Filled,Calculated2,Total
1,100011,1,1.00,0.00,5158002,472,351,30,12,865
1,100011,1,1.00,0.00,5158003,4,8,0,3,15
1,100011,1,1.00,0.00,5158004,6,7,0,2,15
1,100011,1,1.00,0.00,5158005,4,15,0,15,34
1,100011,1,1.00,0.00,5158006,5,6,0,1,12
1,100011,1,1.00,0.00,5158007,13,14,0,5,32
1,100011,1,1.00,0.00,5158008,5,7,0,2,14
1,100011,1,1.00,0.00,5158009,4,6,0,2,12
1,100011,1,1.00,0.00,5158010,6,9,1,2,18
1,100011,1,1.00,0.00,5158011,4,7,0,2,13
1,100011,1,1.00,0.00,5158012,4,6,0,2,12
1,100011,1,1.00,0.00,5158013,3,5,0,2,10
1,100011,1,1.00,0.00,5158014,5,8,0,0,13
1,100011,1,1.00,0.00,5158015,5,3,0,1,9
1,100011,1,1.00,0.00,5158016,6,5,0,2,13
1,100011,1,1.00,0.00,5158017,4,32,0,3,39
1,100011,1,1.00,0.00,5158018,4,6,0,0,10
1,100011,1,1.00,0.00,5158019,5,5,0,2,12
1,100011,1,1.00,0.00,5158020,6,8,0,2,16
1,100011,1,1.00,0.00,5158021,6,15,0,0,21
1,100011,1,1.00,0.00,5158022,4,6,0,1,11
1,100011,1,1.00,0.00,5158023,5,5,0,1,11
1,100011,1,1.00,0.00,5158024,7,7,0,14,28
1,100011,1,1.00,0.00,5158025,3,5,0,0,8
1,100011,1,1.00,0.00,5158026,6,3,0,1,10
1,100011,1,1.00,0.00,5158027,5,6,0,2,13
1,100011,1,1.00,0.00,5158028,4,5,0,1,10
1,100011,1,1.00,0.00,5158029,3,8,0,0,11
1,100011,1,1.00,0.00,5158030,5,6,0,2,13
1,100011,1,1.00,0.00,5158031,5,6,0,2,13
1,100011,1,1.00,0.00,5158032,5,9,0,3,17
1,100011,1,1.00,0.00,5158033,10,3,0,2,15
1,100011,1,1.00,0.00,5158034,8,5,1,0,14
1,100011,1,1.00,0.00,5158035,5,5,0,2,12
1,100011,1,1.00,0.00,5158036,7,16,0,4,27
1,100011,1,1.00,0.00,5158037,4,6,0,2,12
1,100011,1,1.00,0.00,5158038,4,5,0,2,11
1,100011,1,1.00,0.00,5158039,5,6,0,2,13
1,100011,1,1.00,0.00,5158040,6,7,0,3,16
1,100011,1,1.00,0.00,5158041,4,6,0,2,12
1,100011,1,1.00,0.00,5158042,4,4,0,1,9
1,100011,1,1.00,0.00,5158043,4,6,3,0,13
1,100011,1,1.00,0.00,5158044,5,5,0,2,12
1,100011,1,1.00,0.00,5158045,5,5,0,2,12
1,100011,1,1.00,0.00,5158046,7,8,0,2,17
1,100011,1,1.00,0.00,5158047,7,5,0,2,14
1,100011,1,1.00,0.00,5158048,4,12,0,3,19
1,100011,1,1.00,0.00,5158049,5,4,0,2,11
1,100011,1,1.00,0.00,5158050,7,8,0,2,17
1,100011,1,1.00,0.00,5158051,6,3,0,2,11
1,100011,1,1.00,0.00,5158052,12,15,0,5,32
1,100011,1,1.00,0.00,5158053,4,6,0,2,12
1,100011,1,1.00,0.00,5158054,4,5,0,2,11
1,100011,1,1.00,0.00,5158055,6,3,0,2,11
1,100011,1,1.00,0.00,5158056,7,7,0,2,16
1,100011,1,1.00,0.00,5158057,8,8,0,5,21
1,100011,1,1.00,0.00,5158058,12,20,0,3,35
1,100011,1,1.00,0.00,5158059,4,7,0,0,11
1,100011,1,1.00,0.00,5158060,5,6,0,2,13
1,100011,1,1.00,0.00,5158061,3,5,2,0,10
1,100011,1,1.00,0.00,5158062,5,8,0,3,16
1,100011,1,1.00,0.00,5158063,6,16,0,0,22
1,100011,1,1.00,0.00,5158064,4,11,0,0,15
1,100011,1,1.00,0.00,5158065,4,8,0,2,14
1,100011,1,1.00,0.00,5158066,5,7,1,1,14
1,100011,1,1.00,0.00,5158067,4,11,0,0,15
1,100011,1,1.00,0.00,5158068,3,6,0,1,10
1,100011,1,1.00,0.00,5158069,4,11,0,0,15
1,100011,1,1.00,0.00,5158070,14,10,0,4,28
1,100011,1,1.00,0.00,5158071,8,6,2,2,18
1,100011,1,1.00,0.00,5158072,4,7,0,2,13
1,100011,1,1.00,0.00,5158073,4,6,0,2,12
1,100011,1,1.00,0.00,5158074,6,13,0,0,19
1,100011,1,1.00,0.00,5158075,5,9,1,3,18
1,100011,1,1.00,0.00,5158076,8,6,0,2,16
1,100011,1,1.00,0.00,5158077,4,7,0,2,13
1,100011,1,1.00,0.00,5158078,12,8,0,1,21
1,100011,1,1.00,0.00,5158079,5,5,0,1,11
1,100011,1,1.00,0.00,5158080,3,4,0,1,8
1,100011,1,1.00,0.00,5158081,4,7,0,0,11
1,100011,1,1.00,0.00,5158082,13,8,0,1,22
1,100011,1,1.00,0.00,5158083,6,13,0,2,21
1,100011,1,1.00,0.00,5158084,4,8,0,3,15
1,100011,1,1.00,0.00,5158085,5,8,0,2,15
1,100011,1,1.00,0.00,5158086,6,16,0,5,27
1,100011,1,1.00,0.00,5158087,6,2,0,0,8
1,100011,1,1.00,0.00,5158088,3,4,0,1,8
1,100011,1,1.00,0.00,5158089,6,12,0,2,20
1,100011,1,1.00,0.00,5158090,5,8,0,0,13
1,100011,1,1.00,0.00,5158091,5,8,0,2,15
1,100011,1,1.00,0.00,5158092,5,8,0,2,15
1,100011,1,1.00,0.00,5158093,10,8,0,4,22
1,100011,1,1.00,0.00,5158094,4,6,0,2,12
1,100011,1,1.00,0.00,5158095,6,8,0,1,15
1,100011,1,1.00,0.00,5158096,5,17,0,0,22
1,100011,1,1.00,0.00,5158097,4,6,0,2,12
1,100011,1,1.00,0.00,5158098,9,8,0,2,19
1,100011,1,1.00,0.00,5158099,5,6,0,3,14
1,100011,1,1.00,0.00,5158100,4,7,0,1,12
1,100011,1,1.00,0.00,5158101,5,12,0,1,18
1,100011,1,1.00,0.00,5158102,10,4,0,2,16
1,100011,1,1.00,0.00,5158103,7,6,0,2,15
1,100011,1,1.00,0.00,5158104,5,6,0,1,12
1,100011,1,1.00,0.00,5158105,6,11,7,0,24
1,100011,1,1.00,0.00,5158106,5,7,0,2,14
1,100011,1,1.00,0.00,5158107,6,9,0,2,17
1,100011,1,1.00,0.00,5158108,7,5,0,2,14
1,100011,1,1.00,0.00,5158109,4,5,0,2,11
1,100011,1,1.00,0.00,5158110,6,4,0,9,19
1,100011,1,1.00,0.00,5158111,4,7,0,2,13
1,100011,1,1.00,0.00,5158112,8,6,0,2,16
1,100011,1,1.00,0.00,5158113,6,5,0,3,14
1,100011,1,1.00,0.00,5158114,4,6,0,2,12
1,100011,1,1.00,0.00,5158115,6,9,0,4,19
1,100011,1,1.00,0.00,5158116,8,4,0,2,14
1,100011,1,1.00,0.00,5158117,7,19,0,11,37
1,100011,1,1.00,0.00,5158118,5,5,0,2,12
1,100011,1,1.00,0.00,5158119,4,5,0,2,11
1,100011,1,1.00,0.00,5158120,5,5,0,2,12
1,100011,1,1.00,0.00,5158121,5,11,1,2,19
1,100011,1,1.00,0.00,5158122,4,7,0,0,11
1,100011,1,1.00,0.00,5158123,5,7,0,0,12
1,100011,1,1.00,0.00,5158124,4,5,0,1,10
1,100011,1,1.00,0.00,5158125,6,10,0,4,20
1,100011,1,1.00,0.00,5158126,5,14,0,0,19
1,100011,1,1.00,0.00,5158127,7,7,0,0,14
1,100011,1,1.00,0.00,5158128,5,8,0,2,15
1,100011,1,1.00,0.00,5158129,5,7,0,0,12
1,100011,1,1.00,0.00,5158130,8,6,0,2,16
1,100011,1,1.00,0.00,5158131,5,5,0,2,12
1,100011,1,1.00,0.00,5158132,11,7,0,2,20
1,100011,1,1.00,0.00,5158133,11,8,0,0,19
1,100011,1,1.00,0.00,5158134,4,7,0,11,22
1,100011,1,1.00,0.00,5158135,3,4,0,1,8
1,100011,1,1.00,0.00,5158136,8,11,0,4,23
1,100011,1,1.00,0.00,5158137,4,5,0,2,11
1,100011,1,1.00,0.00,5158138,5,6,0,2,13
1,100011,1,1.00,0.00,5158139,5,9,0,18,32
1,100011,1,1.00,0.00,5158140,6,5,0,3,14
1,100011,1,1.00,0.00,5158141,4,7,0,3,14
1,100011,1,1.00,0.00,5158142,4,11,0,0,15
1,100011,1,1.00,0.00,5158143,5,9,0,6,20
1,100011,1,1.00,0.00,5158144,4,14,0,2,20
1,100011,1,1.00,0.00,5158145,4,7,0,2,13
1,100011,1,1.00,0.00,5158146,4,9,0,2,15
1,100011,1,1.00,0.00,5158147,4,6,0,1,11
1,100011,1,1.00,0.00,5158148,5,6,0,2,13
1,100011,1,1.00,0.00,5158149,7,8,0,1,16
1,100011,1,1.00,0.00,5158150,4,5,0,2,11
1,100011,1,1.00,0.00,5158151,5,5,0,2,12
1,100011,1,1.00,0.00,5158152,5,6,0,2,13
1,100011,1,1.00,0.00,5158153,5,11,0,2,18
1,100011,1,1.00,0.00,5158154,4,5,0,2,11
1,100011,1,1.00,0.00,5158155,5,6,0,2,13
1,100011,1,1.00,0.00,5158156,8,6,0,0,14
1,100011,1,1.00,0.00,5158157,4,5,0,2,11
1,100011,1,1.00,0.00,5158158,4,6,0,2,12
1,100011,1,1.00,0.00,5158159,5,23,0,0,28
1,100011,1,1.00,0.00,5158160,4,7,0,0,11
1,100011,1,1.00,0.00,5158161,4,5,0,2,11
1,100011,1,1.00,0.00,5158162,4,6,0,2,12
1,100011,1,1.00,0.00,5158163,4,5,0,2,11
1,100011,1,1.00,0.00,5158164,4,8,0,2,14
1,100011,1,1.00,0.00,5158165,4,6,0,3,13
1,100011,1,1.00,0.00,5158166,6,15,0,2,23
1,100011,1,1.00,0.00,5158167,4,8,0,2,14
1,100011,1,1.00,0.00,5158168,9,6,0,2,17
1,100011,1,1.00,0.00,5158169,12,5,0,3,20
1,100011,1,1.00,0.00,5158170,5,5,0,2,12
1,100011,1,1.00,0.00,5158171,4,5,0,2,11
1,100011,1,1.00,0.00,5158172,7,17,0,0,24
1,100011,1,1.00,0.00,5158173,4,5,0,2,11
1,100011,1,1.00,0.00,5158174,4,6,0,1,11
1,100011,1,1.00,0.00,5158175,4,8,0,2,14
1,100011,1,1.00,0.00,5158176,8,9,0,12,29
1,100011,1,1.00,0.00,5158177,5,6,0,2,13
1,100011,1,1.00,0.00,5158178,5,10,0,0,15
1,100011,1,1.00,0.00,5158179,9,18,0,2,29
1,100011,1,1.00,0.00,5158180,6,10,0,5,21
1,100011,1,1.00,0.00,5158181,6,8,0,3,17
1,100011,1,1.00,0.00,5158182,4,9,0,5,18
1,100011,1,1.00,0.00,5158183,5,7,0,0,12
1,100011,1,1.00,0.00,5158184,7,12,0,5,24
1,100011,1,1.00,0.00,5158185,10,11,0,3,24
1,100011,1,1.00,0.00,5158186,4,6,0,3,13
1,100011,1,1.00,0.00,5158187,4,11,7,0,22
1,100011,1,1.00,0.00,5158188,4,7,0,2,13
1,100011,1,1.00,0.00,5158189,5,6,0,2,13
1,100011,1,1.00,0.00,5158190,4,5,0,3,12
1,100011,1,1.00,0.00,5158191,18,2,0,13,33
1,100011,1,1.00,0.00,5158192,5,6,0,2,13
1,100011,1,1.00,0.00,5158193,4,5,0,2,11
1,100011,1,1.00,0.00,5158194,11,10,0,0,21
1,100011,1,1.00,0.00,5158195,4,5,0,1,10
1,100011,1,1.00,0.00,5158196,4,7,0,2,13
1,100011,1,1.00,0.00,5158197,11,13,0,0,24
1,100011,1,1.00,0.00,5158198,4,7,0,9,20
1,100011,1,1.00,0.00,5158199,3,5,0,1,9
1,100011,1,1.00,0.00,5158200,9,5,0,2,16
1,100011,1,1.00,0.00,5158201,5,5,0,2,12
1,100011,1,1.00,0.00,5158202,4,6,0,2,12
1,100011,1,1.00,0.00,5158203,17,7,0,5,29
1,100011,1,1.00,0.00,5158204,5,21,0,0,26
1,100011,1,1.00,0.00,5158205,4,8,0,2,14
1,100011,1,1.00,0.00,5158206,4,5,0,3,12
1,100011,1,1.00,0.00,5158207,4,6,1,1,12
1,100011,1,1.00,0.00,5158208,7,10,0,13,30
1,100011,1,1.00,0.00,5158209,4,7,0,0,11
1,100011,1,1.00,0.00,5158210,5,6,0,1,12
1,100011,1,1.00,0.00,5158211,6,5,1,1,13
1,100011,1,1.00,0.00,5158212,9,8,0,2,19
1,100011,1,1.00,0.00,5158213,5,8,0,0,13
1,100011,1,1.00,0.00,5158214,9,5,0,1,15
1,100011,1,1.00,0.00,5158215,5,5,0,2,12
1,100011,1,1.00,0.00,5158216,4,7,0,2,13
1,100011,1,1.00,0.00,5158217,4,7,0,0,11
1,100011,1,1.00,0.00,5158218,4,5,0,2,11
1,100011,1,1.00,0.00,5158219,5,5,0,2,12
1,100011,1,1.00,0.00,5158220,5,6,0,2,13
1,100011,1,1.00,0.00,5158221,4,7,0,2,13
1,100011,1,1.00,0.00,5158222,4,7,0,2,13
1,100011,1,1.00,0.00,5158223,7,12,0,0,19
1,100011,1,1.00,0.00,5158224,6,6,0,3,15
1,100011,1,1.00,0.00,5158225,6,8,1,2,17
1,100011,1,1.00,0.00,5158226,16,10,0,4,30
1,100011,1,1.00,0.00,5158227,5,10,0,2,17
1,100011,1,1.00,0.00,5158228,12,14,0,2,28
1,100011,1,1.00,0.00,5158229,4,5,0,2,11
1,100011,1,1.00,0.00,5158230,4,5,0,2,11
1,100011,1,1.00,0.00,5158231,8,6,0,2,16
1,100011,1,1.00,0.00,5158232,5,8,0,0,13
1,100011,1,1.00,0.00,5158233,6,7,0,0,13
1,100011,1,1.00,0.00,5158234,4,6,0,1,11
1,100011,1,1.00,0.00,5158235,6,4,0,2,12
1,100011,1,1.00,0.00,5158236,7,9,4,0,20
1,100011,1,1.00,0.00,5158237,6,10,0,4,20
1,100011,1,1.00,0.00,5158238,4,8,0,2,14
1,100011,1,1.00,0.00,5158239,13,10,0,2,25
1,100011,1,1.00,0.00,5158240,6,8,0,1,15
1,100011,1,1.00,0.00,5158241,5,6,0,2,13
1,100011,1,1.00,0.00,5158242,7,2,0,3,12
1,100011,1,1.00,0.00,5158243,8,7,0,5,20
1,100011,1,1.00,0.00,5158244,4,6,0,2,12
1,100011,1,1.00,0.00,5158245,5,5,0,2,12
1,100011,1,1.00,0.00,5158246,4,5,0,2,11
1,100011,1,1.00,0.00,5158247,5,7,2,0,14
1,100011,1,1.00,0.00,5158248,4,8,0,0,12
1,100011,1,1.00,0.00,5158249,7,11,0,1,19
1,100011,1,1.00,0.00,5158250,6,9,0,6,21
1,100011,1,1.00,0.00,5158251,4,6,0,2,12
1,100011,1,1.00,0.00,5158252,4,6,0,2,12
1,100011,1,1.00,0.00,5158253,4,6,0,2,12
1,100011,1,1.00,0.00,5158254,5,6,0,2,13
1,100011,1,1.00,0.00,5158255,4,6,0,1,11
1,100011,1,1.00,0.00,5158256,5,5,0,2,12
1,100011,1,1.00,0.00,5158257,7,6,0,2,15
1,100011,1,1.00,0.00,5158258,7,6,0,2,15
1,100011,1,1.00,0.00,5158259,4,6,0,2,12
1,100011,1,1.00,0.00,5158260,4,13,0,2,19
1,100011,1,1.00,0.00,5158261,6,6,0,7,19
1,100011,1,1.00,0.00,5158262,8,6,0,2,16
1,100011,1,1.00,0.00,5158263,6,9,0,2,17
1,100011,1,1.00,0.00,5158264,5,5,0,2,12
1,100011,1,1.00,0.00,5158265,4,5,0,2,11
1,100011,1,1.00,0.00,5158266,4,27,0,3,34
1,100011,1,1.00,0.00,5158267,5,6,0,2,13
1,100011,1,1.00,0.00,5158268,6,4,0,2,12
1,100011,1,1.00,0.00,5158269,6,6,0,2,14
1,100011,1,1.00,0.00,5158270,7,2,0,2,11
1,100011,1,1.00,0.00,5158271,4,6,0,3,13
1,100011,1,1.00,0.00,5158272,7,4,0,2,13
1,100011,1,1.00,0.00,5158273,7,3,0,5,15
1,100011,1,1.00,0.00,5158274,14,7,0,2,23
1,100011,1,1.00,0.00,5158275,4,6,0,2,12
1,100011,1,1.00,0.00,5158276,4,5,0,2,11
1,100011,1,1.00,0.00,5158277,5,6,0,2,13
1,100011,1,1.00,0.00,5158278,5,8,0,2,15
1,100011,1,1.00,0.00,5158279,4,15,0,0,19
1,100011,1,1.00,0.00,5158280,6,5,0,0,11
1,100011,1,1.00,0.00,5158281,5,5,0,2,12
1,100011,1,1.00,0.00,5158282,5,7,0,0,12
1,100011,1,1.00,0.00,5158283,8,9,4,0,21
1,100011,1,1.00,0.00,5158284,4,11,0,0,15
1,100011,1,1.00,0.00,5158285,9,6,0,2,17
1,100011,1,1.00,0.00,5158286,8,11,0,2,21
1,100011,1,1.00,0.00,5158287,8,6,0,2,16
1,100011,1,1.00,0.00,5158288,5,10,0,5,20
1,100011,1,1.00,0.00,5158289,5,5,0,2,12
1,100011,1,1.00,0.00,5158290,9,13,0,2,24
1,100011,1,1.00,0.00,5158291,4,5,0,1,10
1,100011,1,1.00,0.00,5158292,4,7,0,0,11
1,100011,1,1.00,0.00,5158293,4,6,0,2,12
1,100011,1,1.00,0.00,5158294,10,8,0,3,21
1,100011,1,1.00,0.00,5158295,9,19,0,2,30
1,100011,1,1.00,0.00,5158296,4,8,0,0,12
1,100011,1,1.00,0.00,5158297,4,5,0,2,11
1,100011,1,1.00,0.00,5158298,15,1,0,2,18
1,100011,1,1.00,0.00,5158299,4,4,0,2,10
1,100011,1,1.00,0.00,5158300,5,10,0,2,17
1,100011,1,1.00,0.00,5158301,7,5,1,6,19
