TestNumber,Account,OPS_Req,OPS_Mean,OPS_Sd,Order,New,Calculated1,Filled,Calculated2,Total
1,100011,1,1.00,0.00,5166002,603,391,23,11,1028
1,100011,1,1.00,0.00,5166003,114,5,0,1,120
1,100011,1,1.00,0.00,5166004,25,12,0,0,37
1,100011,1,1.00,0.00,5166005,8,6,0,2,16
1,100011,1,1.00,0.00,5166006,7,17,0,2,26
1,100011,1,1.00,0.00,5166007,10,11,0,4,25
1,100011,1,1.00,0.00,5166008,15,6,0,2,23
1,100011,1,1.00,0.00,5166009,9,16,0,0,25
1,100011,1,1.00,0.00,5166010,19,10,3,4,36
1,100011,1,1.00,0.00,5166011,5,8,0,4,17
1,100011,1,1.00,0.00,5166012,13,9,1,8,31
1,100011,1,1.00,0.00,5166013,8,6,0,2,16
1,100011,1,1.00,0.00,5166014,5,7,0,2,14
1,100011,1,1.00,0.00,5166015,4,11,0,2,17
1,100011,1,1.00,0.00,5166016,7,18,0,0,25
1,100011,1,1.00,0.00,5166017,12,8,0,2,22
1,100011,1,1.00,0.00,5166018,10,10,0,4,24
1,100011,1,1.00,0.00,5166019,6,4,0,3,13
1,100011,1,1.00,0.00,5166020,4,7,0,3,14
1,100011,1,1.00,0.00,5166021,5,6,0,2,13
1,100011,1,1.00,0.00,5166022,10,9,2,4,25
1,100011,1,1.00,0.00,5166023,3,4,0,1,8
1,100011,1,1.00,0.00,5166024,5,8,0,3,16
1,100011,1,1.00,0.00,5166025,17,6,0,15,38
1,100011,1,1.00,0.00,5166026,4,9,0,3,16
1,100011,1,1.00,0.00,5166027,3,12,0,2,17
1,100011,1,1.00,0.00,5166028,7,13,0,1,21
1,100011,1,1.00,0.00,5166029,5,7,0,7,19
1,100011,1,1.00,0.00,5166030,4,5,0,0,9
1,100011,1,1.00,0.00,5166031,2,4,0,1,7
1,100011,1,1.00,0.00,5166032,3,6,0,1,10
1,100011,1,1.00,0.00,5166033,13,8,0,4,25
1,100011,1,1.00,0.00,5166034,3,4,0,1,8
1,100011,1,1.00,0.00,5166035,6,7,0,2,15
1,100011,1,1.00,0.00,5166036,4,5,0,2,11
1,100011,1,1.00,0.00,5166037,6,8,0,3,17
1,100011,1,1.00,0.00,5166038,4,14,0,2,20
1,100011,1,1.00,0.00,5166039,6,6,0,3,15
1,100011,1,1.00,0.00,5166040,8,11,0,0,19
1,100011,1,1.00,0.00,5166041,9,8,0,2,19
1,100011,1,1.00,0.00,5166042,4,8,0,0,12
1,100011,1,1.00,0.00,5166043,5,15,0,7,27
1,100011,1,1.00,0.00,5166044,5,5,0,3,13
1,100011,1,1.00,0.00,5166045,9,4,0,1,14
1,100011,1,1.00,0.00,5166046,5,7,1,3,16
1,100011,1,1.00,0.00,5166047,5,9,4,0,18
1,100011,1,1.00,0.00,5166048,5,9,0,2,16
1,100011,1,1.00,0.00,5166049,8,7,6,4,25
1,100011,1,1.00,0.00,5166050,15,0,0,3,18
1,100011,1,1.00,0.00,5166051,5,6,0,2,13
1,100011,1,1.00,0.00,5166052,5,16,0,1,22
1,100011,1,1.00,0.00,5166053,6,6,0,2,14
1,100011,1,1.00,0.00,5166054,4,5,0,5,14
1,100011,1,1.00,0.00,5166055,4,5,0,2,11
1,100011,1,1.00,0.00,5166056,4,6,1,2,13
1,100011,1,1.00,0.00,5166057,4,14,0,0,18
1,100011,1,1.00,0.00,5166058,4,7,0,2,13
1,100011,1,1.00,0.00,5166059,3,21,1,1,26
1,100011,1,1.00,0.00,5166060,6,4,0,2,12
1,100011,1,1.00,0.00,5166061,5,6,1,1,13
1,100011,1,1.00,0.00,5166062,9,12,0,7,28
1,100011,1,1.00,0.00,5166063,4,6,0,2,12
1,100011,1,1.00,0.00,5166064,3,8,1,3,15
1,100011,1,1.00,0.00,5166065,5,7,0,2,14
1,100011,1,1.00,0.00,5166066,9,7,0,2,18
1,100011,1,1.00,0.00,5166067,7,15,0,2,24
1,100011,1,1.00,0.00,5166068,4,8,0,2,14
1,100011,1,1.00,0.00,5166069,3,4,0,1,8
1,100011,1,1.00,0.00,5166070,5,7,0,3,15
1,100011,1,1.00,0.00,5166071,5,4,0,2,11
1,100011,1,1.00,0.00,5166072,5,5,0,2,12
1,100011,1,1.00,0.00,5166073,4,9,0,0,13
1,100011,1,1.00,0.00,5166074,5,6,1,2,14
1,100011,1,1.00,0.00,5166075,7,14,2,0,23
1,100011,1,1.00,0.00,5166076,8,3,0,2,13
1,100011,1,1.00,0.00,5166077,3,11,0,0,14
1,100011,1,1.00,0.00,5166078,5,8,0,8,21
1,100011,1,1.00,0.00,5166079,4,5,0,2,11
1,100011,1,1.00,0.00,5166080,8,5,1,0,14
1,100011,1,1.00,0.00,5166081,8,31,1,0,40
1,100011,1,1.00,0.00,5166082,5,7,0,2,14
1,100011,1,1.00,0.00,5166083,4,6,0,2,12
1,100011,1,1.00,0.00,5166084,6,15,0,0,21
1,100011,1,1.00,0.00,5166085,5,7,0,9,21
1,100011,1,1.00,0.00,5166086,5,6,0,9,20
1,100011,1,1.00,0.00,5166087,9,4,0,1,14
1,100011,1,1.00,0.00,5166088,5,7,0,2,14
1,100011,1,1.00,0.00,5166089,4,12,0,3,19
1,100011,1,1.00,0.00,5166090,4,8,0,0,12
1,100011,1,1.00,0.00,5166091,8,12,0,3,23
1,100011,1,1.00,0.00,5166092,14,7,0,2,23
1,100011,1,1.00,0.00,5166093,16,6,0,0,22
1,100011,1,1.00,0.00,5166094,6,0,0,0,6
1,100011,1,1.00,0.00,5166095,1,6,0,0,7
1,100011,1,1.00,0.00,5166096,16,17,0,2,35
1,100011,1,1.00,0.00,5166097,2,4,0,0,6
1,100011,1,1.00,0.00,5166098,6,6,0,1,13
1,100011,1,1.00,0.00,5166099,5,6,0,2,13
1,100011,1,1.00,0.00,5166100,4,12,0,2,18
1,100011,1,1.00,0.00,5166101,19,12,0,5,36
1,100011,1,1.00,0.00,5166102,3,7,0,0,10
1,100011,1,1.00,0.00,5166103,10,5,0,1,16
1,100011,1,1.00,0.00,5166104,3,5,1,0,9
1,100011,1,1.00,0.00,5166105,4,7,0,4,15
1,100011,1,1.00,0.00,5166106,2,3,0,1,6
1,100011,1,1.00,0.00,5166107,4,9,0,0,13
1,100011,1,1.00,0.00,5166108,3,6,0,1,10
1,100011,1,1.00,0.00,5166109,6,11,1,0,18
1,100011,1,1.00,0.00,5166110,3,7,0,0,10
1,100011,1,1.00,0.00,5166111,5,7,0,2,14
1,100011,1,1.00,0.00,5166112,6,11,0,1,18
1,100011,1,1.00,0.00,5166113,9,18,5,0,32
1,100011,1,1.00,0.00,5166114,4,4,0,1,9
1,100011,1,1.00,0.00,5166115,6,7,0,7,20
1,100011,1,1.00,0.00,5166116,9,10,6,0,25
1,100011,1,1.00,0.00,5166117,5,8,0,2,15
1,100011,1,1.00,0.00,5166118,7,11,0,6,24
1,100011,1,1.00,0.00,5166119,5,8,0,3,16
1,100011,1,1.00,0.00,5166120,6,6,0,3,15
1,100011,1,1.00,0.00,5166121,4,8,0,2,14
1,100011,1,1.00,0.00,5166122,5,7,0,2,14
1,100011,1,1.00,0.00,5166123,4,11,0,1,16
1,100011,1,1.00,0.00,5166124,5,6,0,2,13
1,100011,1,1.00,0.00,5166125,5,5,0,6,16
1,100011,1,1.00,0.00,5166126,4,6,0,2,12
1,100011,1,1.00,0.00,5166127,9,6,0,2,17
1,100011,1,1.00,0.00,5166128,5,7,1,3,16
1,100011,1,1.00,0.00,5166129,5,8,0,2,15
1,100011,1,1.00,0.00,5166130,4,7,0,2,13
1,100011,1,1.00,0.00,5166131,4,8,0,2,14
1,100011,1,1.00,0.00,5166132,7,13,0,1,21
1,100011,1,1.00,0.00,5166133,4,4,0,2,10
1,100011,1,1.00,0.00,5166134,4,11,0,0,15
1,100011,1,1.00,0.00,5166135,4,5,0,2,11
1,100011,1,1.00,0.00,5166136,4,6,0,2,12
1,100011,1,1.00,0.00,5166137,7,7,0,1,15
1,100011,1,1.00,0.00,5166138,6,7,0,2,15
1,100011,1,1.00,0.00,5166139,5,12,0,0,17
1,100011,1,1.00,0.00,5166140,13,3,0,2,18
1,100011,1,1.00,0.00,5166141,4,7,0,2,13
1,100011,1,1.00,0.00,5166142,3,6,0,1,10
1,100011,1,1.00,0.00,5166143,3,4,0,2,9
1,100011,1,1.00,0.00,5166144,4,6,1,2,13
1,100011,1,1.00,0.00,5166145,7,5,1,2,15
1,100011,1,1.00,0.00,5166146,12,9,0,4,25
1,100011,1,1.00,0.00,5166147,4,7,1,1,13
1,100011,1,1.00,0.00,5166148,12,13,0,2,27
1,100011,1,1.00,0.00,5166149,8,18,1,2,29
1,100011,1,1.00,0.00,5166150,4,5,0,5,14
1,100011,1,1.00,0.00,5166151,14,5,10,0,29
1,100011,1,1.00,0.00,5166152,12,11,0,3,26
1,100011,1,1.00,0.00,5166153,4,9,0,3,16
1,100011,1,1.00,0.00,5166154,21,6,0,0,27
1,100011,1,1.00,0.00,5166155,5,18,0,0,23
1,100011,1,1.00,0.00,5166156,3,8,0,1,12
1,100011,1,1.00,0.00,5166157,5,6,0,0,11
1,100011,1,1.00,0.00,5166158,6,3,0,1,10
1,100011,1,1.00,0.00,5166159,3,7,0,0,10
1,100011,1,1.00,0.00,5166160,9,12,0,6,27
1,100011,1,1.00,0.00,5166161,6,3,0,1,10
1,100011,1,1.00,0.00,5166162,8,7,1,2,18
1,100011,1,1.00,0.00,5166163,12,19,7,0,38
1,100011,1,1.00,0.00,5166164,14,6,2,3,25
1,100011,1,1.00,0.00,5166165,3,5,0,1,9
1,100011,1,1.00,0.00,5166166,3,3,0,0,6
1,100011,1,1.00,0.00,5166167,6,14,0,2,22
1,100011,1,1.00,0.00,5166168,3,4,0,1,8
1,100011,1,1.00,0.00,5166169,8,1,0,0,9
1,100011,1,1.00,0.00,5166170,9,27,0,0,36
1,100011,1,1.00,0.00,5166171,12,11,1,0,24
1,100011,1,1.00,0.00,5166172,6,11,0,0,17
1,100011,1,1.00,0.00,5166173,4,8,0,2,14
1,100011,1,1.00,0.00,5166174,4,5,0,2,11
1,100011,1,1.00,0.00,5166175,5,7,0,3,15
1,100011,1,1.00,0.00,5166176,4,6,0,2,12
1,100011,1,1.00,0.00,5166177,6,9,0,0,15
1,100011,1,1.00,0.00,5166178,5,5,1,1,12
1,100011,1,1.00,0.00,5166179,4,6,0,3,13
1,100011,1,1.00,0.00,5166180,16,4,0,2,22
1,100011,1,1.00,0.00,5166181,15,6,0,1,22
1,100011,1,1.00,0.00,5166182,5,8,3,2,18
1,100011,1,1.00,0.00,5166183,6,8,0,1,15
1,100011,1,1.00,0.00,5166184,8,9,0,2,19
1,100011,1,1.00,0.00,5166185,8,11,0,5,24
1,100011,1,1.00,0.00,5166186,4,8,0,0,12
1,100011,1,1.00,0.00,5166187,3,5,0,1,9
1,100011,1,1.00,0.00,5166188,5,5,0,2,12
1,100011,1,1.00,0.00,5166189,9,11,0,4,24
1,100011,1,1.00,0.00,5166190,6,0,2,0,8
1,100011,1,1.00,0.00,5166191,20,7,0,1,28
1,100011,1,1.00,0.00,5166192,5,9,0,2,16
1,100011,1,1.00,0.00,5166193,8,7,2,0,17
1,100011,1,1.00,0.00,5166194,4,5,0,9,18
1,100011,1,1.00,0.00,5166195,8,7,0,2,17
1,100011,1,1.00,0.00,5166196,5,4,1,1,11
1,100011,1,1.00,0.00,5166197,4,5,0,2,11
1,100011,1,1.00,0.00,5166198,21,9,0,11,41
1,100011,1,1.00,0.00,5166199,4,6,0,2,12
1,100011,1,1.00,0.00,5166200,4,8,0,0,12
1,100011,1,1.00,0.00,5166201,15,13,0,0,28
1,100011,1,1.00,0.00,5166202,6,6,0,2,14
1,100011,1,1.00,0.00,5166203,4,8,0,3,15
1,100011,1,1.00,0.00,5166204,4,9,0,1,14
1,100011,1,1.00,0.00,5166205,5,8,0,2,15
1,100011,1,1.00,0.00,5166206,4,7,0,12,23
1,100011,1,1.00,0.00,5166207,4,4,0,1,9
1,100011,1,1.00,0.00,5166208,3,4,0,2,9
1,100011,1,1.00,0.00,5166209,3,5,0,2,10
1,100011,1,1.00,0.00,5166210,4,12,0,1,17
1,100011,1,1.00,0.00,5166211,6,22,0,0,28
1,100011,1,1.00,0.00,5166212,3,3,0,1,7
1,100011,1,1.00,0.00,5166213,5,9,0,2,16
1,100011,1,1.00,0.00,5166214,11,7,0,0,18
1,100011,1,1.00,0.00,5166215,9,7,1,4,21
1,100011,1,1.00,0.00,5166216,3,5,0,2,10
1,100011,1,1.00,0.00,5166217,3,15,0,0,18
1,100011,1,1.00,0.00,5166218,3,7,0,1,11
1,100011,1,1.00,0.00,5166219,7,10,4,0,21
1,100011,1,1.00,0.00,5166220,30,20,0,0,50
1,100011,1,1.00,0.00,5166221,3,5,0,2,10
1,100011,1,1.00,0.00,5166222,9,7,0,2,18
1,100011,1,1.00,0.00,5166223,5,5,0,2,12
1,100011,1,1.00,0.00,5166224,4,11,0,0,15
1,100011,1,1.00,0.00,5166225,3,4,0,1,8
1,100011,1,1.00,0.00,5166226,8,6,0,1,15
1,100011,1,1.00,0.00,5166227,3,3,0,4,10
1,100011,1,1.00,0.00,5166228,2,8,0,1,11
1,100011,1,1.00,0.00,5166229,4,4,0,2,10
1,100011,1,1.00,0.00,5166230,7,11,0,1,19
1,100011,1,1.00,0.00,5166231,4,7,1,1,13
1,100011,1,1.00,0.00,5166232,4,6,0,2,12
1,100011,1,1.00,0.00,5166233,4,12,0,0,16
1,100011,1,1.00,0.00,5166234,7,11,0,2,20
1,100011,1,1.00,0.00,5166235,3,8,1,0,12
1,100011,1,1.00,0.00,5166236,12,6,0,0,18
1,100011,1,1.00,0.00,5166237,4,10,0,2,16
1,100011,1,1.00,0.00,5166238,8,6,1,1,16
1,100011,1,1.00,0.00,5166239,5,6,0,2,13
1,100011,1,1.00,0.00,5166240,4,13,0,6,23
1,100011,1,1.00,0.00,5166241,4,5,0,2,11
1,100011,1,1.00,0.00,5166242,4,4,0,2,10
1,100011,1,1.00,0.00,5166243,5,7,0,4,16
1,100011,1,1.00,0.00,5166244,3,6,0,2,11
1,100011,1,1.00,0.00,5166245,5,5,0,2,12
1,100011,1,1.00,0.00,5166246,14,16,0,4,34
1,100011,1,1.00,0.00,5166247,5,7,0,1,13
1,100011,1,1.00,0.00,5166248,16,10,0,2,28
1,100011,1,1.00,0.00,5166249,4,4,0,2,10
1,100011,1,1.00,0.00,5166250,6,6,0,2,14
1,100011,1,1.00,0.00,5166251,6,4,0,1,11
1,100011,1,1.00,0.00,5166252,8,12,0,8,28
1,100011,1,1.00,0.00,5166253,5,12,0,3,20
1,100011,1,1.00,0.00,5166254,4,6,0,2,12
1,100011,1,1.00,0.00,5166255,4,7,0,2,13
1,100011,1,1.00,0.00,5166256,3,7,1,3,14
1,100011,1,1.00,0.00,5166257,10,20,0,0,30
1,100011,1,1.00,0.00,5166258,4,9,0,2,15
1,100011,1,1.00,0.00,5166259,4,6,0,1,11
1,100011,1,1.00,0.00,5166260,4,11,0,2,17
1,100011,1,1.00,0.00,5166261,6,6,0,2,14
1,100011,1,1.00,0.00,5166262,5,7,0,2,14
1,100011,1,1.00,0.00,5166263,4,7,0,0,11
1,100011,1,1.00,0.00,5166264,5,1,0,12,18
1,100011,1,1.00,0.00,5166265,7,6,0,2,15
1,100011,1,1.00,0.00,5166266,7,5,0,7,19
1,100011,1,1.00,0.00,5166267,5,9,0,0,14
1,100011,1,1.00,0.00,5166268,8,5,0,1,14
1,100011,1,1.00,0.00,5166269,5,28,0,0,33
1,100011,1,1.00,0.00,5166270,5,8,0,3,16
1,100011,1,1.00,0.00,5166271,4,7,0,2,13
1,100011,1,1.00,0.00,5166272,9,4,0,2,15
1,100011,1,1.00,0.00,5166273,4,7,0,1,12
1,100011,1,1.00,0.00,5166274,10,16,0,0,26
1,100011,1,1.00,0.00,5166275,13,6,0,4,23
1,100011,1,1.00,0.00,5166276,4,9,0,1,14
1,100011,1,1.00,0.00,5166277,5,7,0,3,15
1,100011,1,1.00,0.00,5166278,4,7,0,4,15
1,100011,1,1.00,0.00,5166279,4,16,0,2,22
1,100011,1,1.00,0.00,5166280,9,5,0,6,20
1,100011,1,1.00,0.00,5166281,6,11,1,3,21
1,100011,1,1.00,0.00,5166282,3,13,1,0,17
1,100011,1,1.00,0.00,5166283,4,9,0,3,16
1,100011,1,1.00,0.00,5166284,9,13,0,0,22
1,100011,1,1.00,0.00,5166285,3,3,0,1,7
1,100011,1,1.00,0.00,5166286,15,18,0,0,33
1,100011,1,1.00,0.00,5166287,4,9,0,1,14
1,100011,1,1.00,0.00,5166288,4,4,0,1,9
1,100011,1,1.00,0.00,5166289,4,5,0,1,10
1,100011,1,1.00,0.00,5166290,13,6,0,3,22
1,100011,1,1.00,0.00,5166291,5,9,0,3,17
1,100011,1,1.00,0.00,5166292,8,3,0,2,13
1,100011,1,1.00,0.00,5166293,4,5,0,2,11
1,100011,1,1.00,0.00,5166294,5,4,0,2,11
1,100011,1,1.00,0.00,5166295,5,13,0,2,20
1,100011,1,1.00,0.00,5166296,10,3,0,0,13
1,100011,1,1.00,0.00,5166297,3,7,0,1,11
1,100011,1,1.00,0.00,5166298,8,5,0,2,15
1,100011,1,1.00,0.00,5166299,8,16,0,0,24
1,100011,1,1.00,0.00,5166300,4,6,0,2,12
1,100011,1,1.00,0.00,5166301,4,6,0,1,11
