TestNumber,Account,OPS_Req,OPS_Mean,OPS_Sd,Order,New,Calculated1,Filled,Calculated2,Total
1,100011,1,1.00,0.00,5142004,34,0,0,0,34
1,100011,1,1.00,0.00,5142005,4,6,0,1,11
1,100011,1,1.00,0.00,5142006,20,15,0,6,41
1,100011,1,1.00,0.00,5142007,10,6,1,1,18
1,100011,1,1.00,0.00,5142008,10,14,0,3,27
1,100011,1,1.00,0.00,5142009,4,10,0,1,15
1,100011,1,1.00,0.00,5142010,8,7,0,3,18
1,100011,1,1.00,0.00,5142011,8,12,0,3,23
1,100011,1,1.00,0.00,5142012,5,8,0,2,15
1,100011,1,1.00,0.00,5142013,7,11,0,0,18
1,100011,1,1.00,0.00,5142014,5,7,0,2,14
1,100011,1,1.00,0.00,5142015,7,15,0,4,26
1,100011,1,1.00,0.00,5142016,5,8,0,3,16
1,100011,1,1.00,0.00,5142017,10,15,0,12,37
1,100011,1,1.00,0.00,5142018,5,7,1,0,13
1,100011,1,1.00,0.00,5142019,9,19,0,1,29
1,100011,1,1.00,0.00,5142020,5,7,0,2,14
1,100011,1,1.00,0.00,5142021,13,14,0,0,27
1,100011,1,1.00,0.00,5142022,6,7,0,3,16
1,100011,1,1.00,0.00,5142023,17,16,0,2,35
1,100011,1,1.00,0.00,5142024,6,9,4,0,19
1,100011,1,1.00,0.00,5142025,5,7,0,6,18
1,100011,1,1.00,0.00,5142026,5,8,0,2,15
1,100011,1,1.00,0.00,5142027,12,28,0,4,44
1,100011,1,1.00,0.00,5142028,6,12,0,0,18
1,100011,1,1.00,0.00,5142029,13,14,2,0,29
1,100011,1,1.00,0.00,5142030,6,9,1,2,18
1,100011,1,1.00,0.00,5142031,16,23,0,2,41
1,100011,1,1.00,0.00,5142032,8,9,1,0,18
1,100011,1,1.00,0.00,5142033,7,8,0,2,17
1,100011,1,1.00,0.00,5142034,5,7,1,1,14
1,100011,1,1.00,0.00,5142035,5,8,0,3,16
1,100011,1,1.00,0.00,5142036,20,42,0,0,62
1,100011,1,1.00,0.00,5142037,5,8,0,3,16
1,100011,1,1.00,0.00,5142038,4,8,0,2,14
1,100011,1,1.00,0.00,5142039,13,7,0,4,24
1,100011,1,1.00,0.00,5142040,6,13,0,1,20
1,100011,1,1.00,0.00,5142041,6,17,0,0,23
1,100011,1,1.00,0.00,5142042,13,9,0,2,24
1,100011,1,1.00,0.00,5142043,6,19,3,0,28
1,100011,1,1.00,0.00,5142044,4,5,0,1,10
1,100011,1,1.00,0.00,5142045,5,8,0,2,15
1,100011,1,1.00,0.00,5142046,6,15,0,0,21
1,100011,1,1.00,0.00,5142047,11,39,2,3,55
1,100011,1,1.00,0.00,5142048,9,25,0,2,36
1,100011,1,1.00,0.00,5142049,10,22,0,0,32
1,100011,1,1.00,0.00,5142050,6,7,0,2,15
1,100011,1,1.00,0.00,5142051,49,7,8,0,64
1,100011,1,1.00,0.00,5142052,7,13,0,7,27
1,100011,1,1.00,0.00,5142053,7,11,0,6,24
1,100011,1,1.00,0.00,5142054,5,7,0,2,14
1,100011,1,1.00,0.00,5142055,4,8,0,2,14
1,100011,1,1.00,0.00,5142056,6,7,0,2,15
1,100011,1,1.00,0.00,5142057,8,16,0,6,30
1,100011,1,1.00,0.00,5142058,9,7,4,0,20
1,100011,1,1.00,0.00,5142059,4,6,0,3,13
1,100011,1,1.00,0.00,5142060,9,19,0,5,33
1,100011,1,1.00,0.00,5142061,4,6,0,1,11
1,100011,1,1.00,0.00,5142062,16,28,0,0,44
1,100011,1,1.00,0.00,5142063,13,7,0,4,24
1,100011,1,1.00,0.00,5142064,6,7,0,2,15
1,100011,1,1.00,0.00,5142065,12,10,0,3,25
1,100011,1,1.00,0.00,5142066,9,13,0,2,24
1,100011,1,1.00,0.00,5142067,15,5,0,3,23
1,100011,1,1.00,0.00,5142068,7,9,0,11,27
1,100011,1,1.00,0.00,5142069,19,24,0,4,47
1,100011,1,1.00,0.00,5142070,16,15,3,0,34
1,100011,1,1.00,0.00,5142071,7,7,0,2,16
1,100011,1,1.00,0.00,5142072,7,26,0,0,33
1,100011,1,1.00,0.00,5142073,6,9,0,0,15
1,100011,1,1.00,0.00,5142074,6,12,0,8,26
1,100011,1,1.00,0.00,5142075,6,12,7,2,27
1,100011,1,1.00,0.00,5142076,7,21,1,0,29
1,100011,1,1.00,0.00,5142077,7,6,0,2,15
1,100011,1,1.00,0.00,5142078,12,16,0,3,31
1,100011,1,1.00,0.00,5142079,11,7,3,0,21
1,100011,1,1.00,0.00,5142080,7,7,0,1,15
1,100011,1,1.00,0.00,5142081,7,6,0,2,15
1,100011,1,1.00,0.00,5142082,7,15,0,9,31
1,100011,1,1.00,0.00,5142083,31,11,0,2,44
1,100011,1,1.00,0.00,5142084,5,10,0,3,18
1,100011,1,1.00,0.00,5142085,4,7,0,1,12
1,100011,1,1.00,0.00,5142086,5,8,0,3,16
1,100011,1,1.00,0.00,5142087,6,6,0,3,15
1,100011,1,1.00,0.00,5142088,6,7,0,3,16
1,100011,1,1.00,0.00,5142089,5,7,1,2,15
1,100011,1,1.00,0.00,5142090,5,6,0,2,13
1,100011,1,1.00,0.00,5142091,7,8,0,3,18
1,100011,1,1.00,0.00,5142092,14,4,0,2,20
1,100011,1,1.00,0.00,5142093,6,9,0,2,17
1,100011,1,1.00,0.00,5142094,5,6,0,2,13
1,100011,1,1.00,0.00,5142095,5,6,0,1,12
1,100011,1,1.00,0.00,5142096,5,9,0,5,19
1,100011,1,1.00,0.00,5142097,5,15,0,3,23
1,100011,1,1.00,0.00,5142098,14,0,0,1,15
1,100011,1,1.00,0.00,5142099,7,9,0,2,18
1,100011,1,1.00,0.00,5142100,6,5,0,4,15
1,100011,1,1.00,0.00,5142101,4,8,3,0,15
1,100011,1,1.00,0.00,5142102,7,8,0,3,18
1,100011,1,1.00,0.00,5142103,3,9,0,2,14
1,100011,1,1.00,0.00,5142104,42,34,0,0,76
1,100011,1,1.00,0.00,5142105,5,8,0,1,14
1,100011,1,1.00,0.00,5142106,9,24,0,0,33
1,100011,1,1.00,0.00,5142107,33,21,0,19,73
1,100011,1,1.00,0.00,5142108,14,11,0,1,26
1,100011,1,1.00,0.00,5142109,8,12,0,0,20
1,100011,1,1.00,0.00,5142110,7,9,0,4,20
1,100011,1,1.00,0.00,5142111,6,10,0,2,18
1,100011,1,1.00,0.00,5142112,5,16,0,2,23
1,100011,1,1.00,0.00,5142113,4,6,0,2,12
1,100011,1,1.00,0.00,5142114,5,9,0,2,16
1,100011,1,1.00,0.00,5142115,5,21,0,4,30
1,100011,1,1.00,0.00,5142116,9,14,0,1,24
1,100011,1,1.00,0.00,5142117,6,11,0,2,19
1,100011,1,1.00,0.00,5142118,3,7,1,0,11
1,100011,1,1.00,0.00,5142119,5,8,0,2,15
1,100011,1,1.00,0.00,5142120,10,5,0,3,18
1,100011,1,1.00,0.00,5142121,4,7,0,2,13
1,100011,1,1.00,0.00,5142122,10,30,4,3,47
1,100011,1,1.00,0.00,5142123,6,7,0,6,19
1,100011,1,1.00,0.00,5142124,16,6,0,6,28
1,100011,1,1.00,0.00,5142125,11,14,0,8,33
1,100011,1,1.00,0.00,5142126,9,9,0,5,23
1,100011,1,1.00,0.00,5142127,5,8,0,8,21
1,100011,1,1.00,0.00,5142128,11,4,0,3,18
1,100011,1,1.00,0.00,5142129,6,12,0,2,20
1,100011,1,1.00,0.00,5142130,7,3,0,2,12
1,100011,1,1.00,0.00,5142131,5,7,0,3,15
1,100011,1,1.00,0.00,5142132,10,36,0,5,51
1,100011,1,1.00,0.00,5142133,8,8,1,2,19
1,100011,1,1.00,0.00,5142134,7,11,0,1,19
1,100011,1,1.00,0.00,5142135,5,6,4,0,15
1,100011,1,1.00,0.00,5142136,5,10,0,3,18
1,100011,1,1.00,0.00,5142137,5,7,0,2,14
1,100011,1,1.00,0.00,5142138,8,10,0,3,21
1,100011,1,1.00,0.00,5142139,5,8,0,3,16
1,100011,1,1.00,0.00,5142140,6,20,0,4,30
1,100011,1,1.00,0.00,5142141,9,12,0,4,25
1,100011,1,1.00,0.00,5142142,8,12,0,0,20
1,100011,1,1.00,0.00,5142143,6,7,0,3,16
1,100011,1,1.00,0.00,5142144,6,8,0,2,16
1,100011,1,1.00,0.00,5142145,13,8,0,0,21
1,100011,1,1.00,0.00,5142146,9,20,0,5,34
1,100011,1,1.00,0.00,5142147,9,25,0,4,38
1,100011,1,1.00,0.00,5142148,6,7,0,2,15
1,100011,1,1.00,0.00,5142149,5,6,6,2,19
1,100011,1,1.00,0.00,5142150,6,8,0,3,17
1,100011,1,1.00,0.00,5142151,12,10,3,5,30
1,100011,1,1.00,0.00,5142152,11,11,0,7,29
1,100011,1,1.00,0.00,5142153,5,7,0,11,23
1,100011,1,1.00,0.00,5142154,6,7,0,2,15
1,100011,1,1.00,0.00,5142155,5,8,0,3,16
1,100011,1,1.00,0.00,5142156,5,10,0,3,18
1,100011,1,1.00,0.00,5142157,4,8,0,2,14
1,100011,1,1.00,0.00,5142158,5,11,0,2,18
1,100011,1,1.00,0.00,5142159,16,18,3,4,41
1,100011,1,1.00,0.00,5142160,6,7,0,2,15
1,100011,1,1.00,0.00,5142161,6,14,0,6,26
1,100011,1,1.00,0.00,5142162,4,19,0,8,31
1,100011,1,1.00,0.00,5142163,4,6,0,2,12
1,100011,1,1.00,0.00,5142164,4,7,5,2,18
1,100011,1,1.00,0.00,5142165,37,5,0,13,55
1,100011,1,1.00,0.00,5142166,9,17,0,0,26
1,100011,1,1.00,0.00,5142167,10,27,0,0,37
1,100011,1,1.00,0.00,5142168,4,11,0,4,19
1,100011,1,1.00,0.00,5142169,7,20,0,6,33
1,100011,1,1.00,0.00,5142170,5,8,0,2,15
1,100011,1,1.00,0.00,5142171,13,8,0,3,24
1,100011,1,1.00,0.00,5142172,6,21,0,3,30
1,100011,1,1.00,0.00,5142173,7,10,0,2,19
1,100011,1,1.00,0.00,5142174,9,9,0,3,21
1,100011,1,1.00,0.00,5142175,10,13,1,19,43
1,100011,1,1.00,0.00,5142176,7,2,0,0,9
1,100011,1,1.00,0.00,5142177,5,6,0,4,15
1,100011,1,1.00,0.00,5142178,6,8,4,2,20
1,100011,1,1.00,0.00,5142179,5,8,0,3,16
1,100011,1,1.00,0.00,5142180,4,7,0,2,13
1,100011,1,1.00,0.00,5142181,16,28,0,5,49
1,100011,1,1.00,0.00,5142182,11,3,0,8,22
1,100011,1,1.00,0.00,5142183,4,7,0,2,13
1,100011,1,1.00,0.00,5142184,7,8,0,2,17
1,100011,1,1.00,0.00,5142185,7,6,0,1,14
1,100011,1,1.00,0.00,5142186,11,6,0,2,19
1,100011,1,1.00,0.00,5142187,13,12,0,1,26
1,100011,1,1.00,0.00,5142188,8,17,0,0,25
1,100011,1,1.00,0.00,5142189,12,15,0,8,35
1,100011,1,1.00,0.00,5142190,5,8,0,3,16
1,100011,1,1.00,0.00,5142191,5,7,0,4,16
1,100011,1,1.00,0.00,5142192,8,12,0,0,20
1,100011,1,1.00,0.00,5142193,7,4,1,3,15
1,100011,1,1.00,0.00,5142194,9,8,0,2,19
1,100011,1,1.00,0.00,5142195,5,7,0,3,15
1,100011,1,1.00,0.00,5142196,16,9,3,0,28
1,100011,1,1.00,0.00,5142197,17,12,0,4,33
1,100011,1,1.00,0.00,5142198,4,7,0,2,13
1,100011,1,1.00,0.00,5142199,5,7,0,2,14
1,100011,1,1.00,0.00,5142200,5,9,5,3,22
1,100011,1,1.00,0.00,5142201,12,7,0,2,21
1,100011,1,1.00,0.00,5142202,4,9,0,3,16
1,100011,1,1.00,0.00,5142203,5,7,0,2,14
1,100011,1,1.00,0.00,5142204,6,10,0,3,19
1,100011,1,1.00,0.00,5142205,16,11,0,2,29
1,100011,1,1.00,0.00,5142206,13,7,1,4,25
1,100011,1,1.00,0.00,5142207,5,7,3,0,15
1,100011,1,1.00,0.00,5142208,11,17,6,0,34
1,100011,1,1.00,0.00,5142209,6,10,4,0,20
1,100011,1,1.00,0.00,5142210,9,22,0,4,35
1,100011,1,1.00,0.00,5142211,11,11,0,4,26
1,100011,1,1.00,0.00,5142212,8,10,0,2,20
1,100011,1,1.00,0.00,5142213,14,10,0,4,28
1,100011,1,1.00,0.00,5142214,6,9,0,2,17
1,100011,1,1.00,0.00,5142215,6,10,0,17,33
1,100011,1,1.00,0.00,5142216,4,7,0,1,12
1,100011,1,1.00,0.00,5142217,4,4,0,2,10
1,100011,1,1.00,0.00,5142218,9,25,0,0,34
1,100011,1,1.00,0.00,5142219,8,23,0,6,37
1,100011,1,1.00,0.00,5142220,5,9,1,2,17
1,100011,1,1.00,0.00,5142221,11,22,0,0,33
1,100011,1,1.00,0.00,5142222,6,12,0,2,20
1,100011,1,1.00,0.00,5142223,4,6,0,1,11
1,100011,1,1.00,0.00,5142224,12,26,0,0,38
1,100011,1,1.00,0.00,5142225,4,6,0,2,12
1,100011,1,1.00,0.00,5142226,5,9,0,5,19
1,100011,1,1.00,0.00,5142227,3,5,0,1,9
1,100011,1,1.00,0.00,5142228,5,12,0,4,21
1,100011,1,1.00,0.00,5142229,26,21,0,0,47
1,100011,1,1.00,0.00,5142230,4,11,0,2,17
1,100011,1,1.00,0.00,5142231,12,6,0,2,20
1,100011,1,1.00,0.00,5142232,7,11,0,3,21
1,100011,1,1.00,0.00,5142233,6,16,0,3,25
1,100011,1,1.00,0.00,5142234,5,7,0,1,13
1,100011,1,1.00,0.00,5142235,4,7,0,7,18
1,100011,1,1.00,0.00,5142236,13,21,0,5,39
1,100011,1,1.00,0.00,5142237,7,22,0,0,29
1,100011,1,1.00,0.00,5142238,5,4,1,5,15
1,100011,1,1.00,0.00,5142239,3,4,0,1,8
1,100011,1,1.00,0.00,5142240,5,6,0,1,12
1,100011,1,1.00,0.00,5142241,5,7,6,0,18
1,100011,1,1.00,0.00,5142242,5,8,0,3,16
1,100011,1,1.00,0.00,5142243,15,4,0,0,19
1,100011,1,1.00,0.00,5142244,5,8,0,2,15
1,100011,1,1.00,0.00,5142245,7,36,0,7,50
1,100011,1,1.00,0.00,5142246,7,8,0,4,19
1,100011,1,1.00,0.00,5142247,8,10,0,3,21
1,100011,1,1.00,0.00,5142248,5,7,0,2,14
1,100011,1,1.00,0.00,5142249,5,7,1,1,14
1,100011,1,1.00,0.00,5142250,5,7,0,2,14
1,100011,1,1.00,0.00,5142251,18,9,0,2,29
1,100011,1,1.00,0.00,5142252,6,8,1,2,17
1,100011,1,1.00,0.00,5142253,5,9,0,3,17
1,100011,1,1.00,0.00,5142254,5,11,0,2,18
1,100011,1,1.00,0.00,5142255,8,5,0,3,16
1,100011,1,1.00,0.00,5142256,7,11,9,0,27
1,100011,1,1.00,0.00,5142257,5,8,0,11,24
1,100011,1,1.00,0.00,5142258,6,9,0,5,20
1,100011,1,1.00,0.00,5142259,4,6,6,2,18
1,100011,1,1.00,0.00,5142260,6,8,11,0,25
1,100011,1,1.00,0.00,5142261,7,8,0,4,19
1,100011,1,1.00,0.00,5142262,5,7,0,3,15
1,100011,1,1.00,0.00,5142263,4,6,0,1,11
1,100011,1,1.00,0.00,5142264,10,3,0,3,16
1,100011,1,1.00,0.00,5142265,5,16,0,0,21
1,100011,1,1.00,0.00,5142266,6,15,0,2,23
1,100011,1,1.00,0.00,5142267,4,7,0,2,13
1,100011,1,1.00,0.00,5142268,6,8,0,13,27
1,100011,1,1.00,0.00,5142269,6,7,0,1,14
1,100011,1,1.00,0.00,5142270,5,7,0,2,14
1,100011,1,1.00,0.00,5142271,4,16,0,4,24
1,100011,1,1.00,0.00,5142272,5,18,3,0,26
1,100011,1,1.00,0.00,5142273,6,10,0,2,18
1,100011,1,1.00,0.00,5142274,7,7,0,3,17
1,100011,1,1.00,0.00,5142275,6,13,1,1,21
1,100011,1,1.00,0.00,5142276,4,8,0,4,16
1,100011,1,1.00,0.00,5142277,10,14,0,3,27
1,100011,1,1.00,0.00,5142278,5,3,0,4,12
1,100011,1,1.00,0.00,5142279,6,11,0,3,20
1,100011,1,1.00,0.00,5142280,5,11,0,3,19
1,100011,1,1.00,0.00,5142281,5,12,0,4,21
1,100011,1,1.00,0.00,5142282,5,7,0,2,14
1,100011,1,1.00,0.00,5142283,5,9,1,3,18
1,100011,1,1.00,0.00,5142284,7,11,0,4,22
1,100011,1,1.00,0.00,5142285,7,16,0,0,23
1,100011,1,1.00,0.00,5142286,4,6,0,3,13
1,100011,1,1.00,0.00,5142287,5,5,0,3,13
1,100011,1,1.00,0.00,5142288,6,13,2,0,21
1,100011,1,1.00,0.00,5142289,9,22,0,6,37
1,100011,1,1.00,0.00,5142290,5,10,0,3,18
1,100011,1,1.00,0.00,5142291,6,12,0,20,38
1,100011,1,1.00,0.00,5142292,12,41,0,19,72
1,100011,1,1.00,0.00,5142293,11,4,0,0,15
1,100011,1,1.00,0.00,5142294,6,9,5,0,20
1,100011,1,1.00,0.00,5142295,7,5,0,3,15
1,100011,1,1.00,0.00,5142296,7,4,0,1,12
1,100011,1,1.00,0.00,5142297,8,5,0,2,15
1,100011,1,1.00,0.00,5142298,16,12,1,0,29
1,100011,1,1.00,0.00,5142299,5,8,0,3,16
1,100011,1,1.00,0.00,5142300,11,11,6,0,28
1,100011,1,1.00,0.00,5142301,6,9,0,2,17
1,100011,1,1.00,0.00,5142302,6,14,0,0,20
1,100011,1,1.00,0.00,5142303,8,10,0,0,18
