TestNumber,Account,OPS_Req,OPS_Mean,OPS_Sd,Order,New,Calculated1,Filled,Calculated2,Total
1,100011,1,1.00,0.00,5142304,26,10,0,2,38
1,100011,1,1.00,0.00,5142305,6,5,7,3,21
1,100011,1,1.00,0.00,5142306,6,11,0,2,19
1,100011,1,1.00,0.00,5142307,4,7,0,2,13
1,100011,1,1.00,0.00,5142308,3,7,0,1,11
1,100011,1,1.00,0.00,5142309,5,11,0,3,19
1,100011,1,1.00,0.00,5142310,6,7,0,10,23
1,100011,1,1.00,0.00,5142311,4,6,1,0,11
1,100011,1,1.00,0.00,5142312,7,7,0,1,15
1,100011,1,1.00,0.00,5142313,6,5,0,2,13
1,100011,1,1.00,0.00,5142314,5,6,4,0,15
1,100011,1,1.00,0.00,5142315,7,12,0,2,21
1,100011,1,1.00,0.00,5142316,5,7,0,3,15
1,100011,1,1.00,0.00,5142317,6,7,1,1,15
1,100011,1,1.00,0.00,5142318,9,12,0,3,24
1,100011,1,1.00,0.00,5142319,6,6,0,1,13
1,100011,1,1.00,0.00,5142320,11,7,0,3,21
1,100011,1,1.00,0.00,5142321,6,6,0,1,13
1,100011,1,1.00,0.00,5142322,4,7,0,1,12
1,100011,1,1.00,0.00,5142323,4,5,0,2,11
1,100011,1,1.00,0.00,5142324,5,7,0,2,14
1,100011,1,1.00,0.00,5142325,6,9,0,2,17
1,100011,1,1.00,0.00,5142326,14,0,3,0,17
1,100011,1,1.00,0.00,5142327,5,10,0,0,15
1,100011,1,1.00,0.00,5142328,8,6,0,2,16
1,100011,1,1.00,0.00,5142329,5,8,1,4,18
1,100011,1,1.00,0.00,5142330,7,8,0,2,17
1,100011,1,1.00,0.00,5142331,5,7,0,3,15
1,100011,1,1.00,0.00,5142332,8,8,0,1,17
1,100011,1,1.00,0.00,5142333,5,6,0,2,13
1,100011,1,1.00,0.00,5142334,5,6,0,2,13
1,100011,1,1.00,0.00,5142335,6,14,0,2,22
1,100011,1,1.00,0.00,5142336,5,7,0,4,16
1,100011,1,1.00,0.00,5142337,5,8,0,8,21
1,100011,1,1.00,0.00,5142338,5,6,0,2,13
1,100011,1,1.00,0.00,5142339,7,5,0,3,15
1,100011,1,1.00,0.00,5142340,11,19,0,0,30
1,100011,1,1.00,0.00,5142341,5,12,0,6,23
1,100011,1,1.00,0.00,5142342,5,7,0,2,14
1,100011,1,1.00,0.00,5142343,8,13,0,4,25
1,100011,1,1.00,0.00,5142344,10,15,0,3,28
1,100011,1,1.00,0.00,5142345,5,6,0,2,13
1,100011,1,1.00,0.00,5142346,4,7,0,3,14
1,100011,1,1.00,0.00,5142347,6,5,0,4,15
1,100011,1,1.00,0.00,5142348,5,7,0,2,14
1,100011,1,1.00,0.00,5142349,4,8,2,2,16
1,100011,1,1.00,0.00,5142350,5,7,0,2,14
1,100011,1,1.00,0.00,5142351,6,8,0,4,18
1,100011,1,1.00,0.00,5142352,5,5,0,2,12
1,100011,1,1.00,0.00,5142353,6,7,0,2,15
1,100011,1,1.00,0.00,5142354,6,6,0,2,14
1,100011,1,1.00,0.00,5142355,6,5,1,1,13
1,100011,1,1.00,0.00,5142356,7,8,0,2,17
1,100011,1,1.00,0.00,5142357,5,6,0,2,13
1,100011,1,1.00,0.00,5142358,5,8,0,4,17
1,100011,1,1.00,0.00,5142359,5,6,0,5,16
1,100011,1,1.00,0.00,5142360,4,12,0,2,18
1,100011,1,1.00,0.00,5142361,12,9,0,2,23
1,100011,1,1.00,0.00,5142362,12,13,0,3,28
1,100011,1,1.00,0.00,5142363,5,6,0,2,13
1,100011,1,1.00,0.00,5142364,4,6,0,2,12
1,100011,1,1.00,0.00,5142365,7,15,0,2,24
1,100011,1,1.00,0.00,5142366,4,5,0,2,11
1,100011,1,1.00,0.00,5142367,5,6,0,2,13
1,100011,1,1.00,0.00,5142368,5,7,0,2,14
1,100011,1,1.00,0.00,5142369,5,6,0,2,13
1,100011,1,1.00,0.00,5142370,5,7,0,3,15
1,100011,1,1.00,0.00,5142371,4,6,0,2,12
1,100011,1,1.00,0.00,5142372,5,22,4,0,31
1,100011,1,1.00,0.00,5142373,6,6,0,3,15
1,100011,1,1.00,0.00,5142374,5,9,0,1,15
1,100011,1,1.00,0.00,5142375,5,8,0,0,13
1,100011,1,1.00,0.00,5142376,5,6,0,2,13
1,100011,1,1.00,0.00,5142377,5,7,0,7,19
1,100011,1,1.00,0.00,5142378,4,7,0,2,13
1,100011,1,1.00,0.00,5142379,6,9,0,2,17
1,100011,1,1.00,0.00,5142380,5,7,0,3,15
1,100011,1,1.00,0.00,5142381,5,7,0,2,14
1,100011,1,1.00,0.00,5142382,3,6,0,0,9
1,100011,1,1.00,0.00,5142383,6,11,0,3,20
1,100011,1,1.00,0.00,5142384,5,9,0,2,16
1,100011,1,1.00,0.00,5142385,12,17,0,4,33
1,100011,1,1.00,0.00,5142386,6,6,2,2,16
1,100011,1,1.00,0.00,5142387,5,7,0,4,16
1,100011,1,1.00,0.00,5142388,17,15,0,2,34
1,100011,1,1.00,0.00,5142389,6,8,0,2,16
1,100011,1,1.00,0.00,5142390,5,7,0,7,19
1,100011,1,1.00,0.00,5142391,5,11,0,3,19
1,100011,1,1.00,0.00,5142392,5,9,0,3,17
1,100011,1,1.00,0.00,5142393,5,7,0,3,15
1,100011,1,1.00,0.00,5142394,5,20,0,2,27
1,100011,1,1.00,0.00,5142395,5,12,0,2,19
1,100011,1,1.00,0.00,5142396,5,8,0,2,15
1,100011,1,1.00,0.00,5142397,5,8,0,2,15
1,100011,1,1.00,0.00,5142398,9,6,0,2,17
1,100011,1,1.00,0.00,5142399,13,7,0,2,22
1,100011,1,1.00,0.00,5142400,5,11,0,3,19
1,100011,1,1.00,0.00,5142401,5,6,0,2,13
1,100011,1,1.00,0.00,5142402,6,18,0,0,24
1,100011,1,1.00,0.00,5142403,5,7,0,2,14
1,100011,1,1.00,0.00,5142404,5,6,0,2,13
1,100011,1,1.00,0.00,5142405,6,11,0,1,18
1,100011,1,1.00,0.00,5142406,5,7,0,4,16
1,100011,1,1.00,0.00,5142407,7,13,0,2,22
1,100011,1,1.00,0.00,5142408,12,6,0,1,19
1,100011,1,1.00,0.00,5142409,5,7,0,3,15
1,100011,1,1.00,0.00,5142410,5,7,0,2,14
1,100011,1,1.00,0.00,5142411,5,7,0,3,15
1,100011,1,1.00,0.00,5142412,5,7,0,2,14
1,100011,1,1.00,0.00,5142413,5,7,0,2,14
1,100011,1,1.00,0.00,5142414,5,7,0,2,14
1,100011,1,1.00,0.00,5142415,5,12,0,3,20
1,100011,1,1.00,0.00,5142416,8,6,0,3,17
1,100011,1,1.00,0.00,5142417,6,7,0,2,15
1,100011,1,1.00,0.00,5142418,5,21,0,0,26
1,100011,1,1.00,0.00,5142419,5,7,0,2,14
1,100011,1,1.00,0.00,5142420,5,9,0,2,16
1,100011,1,1.00,0.00,5142421,9,4,0,5,18
1,100011,1,1.00,0.00,5142422,8,8,0,0,16
1,100011,1,1.00,0.00,5142423,5,6,0,3,14
1,100011,1,1.00,0.00,5142424,5,7,0,3,15
1,100011,1,1.00,0.00,5142425,9,7,0,2,18
1,100011,1,1.00,0.00,5142426,5,10,0,3,18
1,100011,1,1.00,0.00,5142427,5,7,0,9,21
1,100011,1,1.00,0.00,5142428,6,6,1,2,15
1,100011,1,1.00,0.00,5142429,11,6,0,2,19
1,100011,1,1.00,0.00,5142430,6,12,0,3,21
1,100011,1,1.00,0.00,5142431,5,8,0,2,15
1,100011,1,1.00,0.00,5142432,5,7,0,2,14
1,100011,1,1.00,0.00,5142433,15,8,0,3,26
1,100011,1,1.00,0.00,5142434,5,13,0,2,20
1,100011,1,1.00,0.00,5142435,5,6,0,2,13
1,100011,1,1.00,0.00,5142436,5,7,0,2,14
1,100011,1,1.00,0.00,5142437,5,7,0,2,14
1,100011,1,1.00,0.00,5142438,10,9,0,0,19
1,100011,1,1.00,0.00,5142439,5,6,0,2,13
1,100011,1,1.00,0.00,5142440,5,10,0,2,17
1,100011,1,1.00,0.00,5142441,6,7,0,3,16
1,100011,1,1.00,0.00,5142442,5,7,0,2,14
1,100011,1,1.00,0.00,5142443,5,7,0,2,14
1,100011,1,1.00,0.00,5142444,8,6,0,2,16
1,100011,1,1.00,0.00,5142445,7,6,0,3,16
1,100011,1,1.00,0.00,5142446,9,18,0,2,29
1,100011,1,1.00,0.00,5142447,5,7,0,2,14
1,100011,1,1.00,0.00,5142448,6,6,0,2,14
1,100011,1,1.00,0.00,5142449,5,9,0,1,15
1,100011,1,1.00,0.00,5142450,5,8,0,3,16
1,100011,1,1.00,0.00,5142451,17,6,0,7,30
1,100011,1,1.00,0.00,5142452,10,10,0,3,23
1,100011,1,1.00,0.00,5142453,10,8,0,2,20
1,100011,1,1.00,0.00,5142454,11,10,0,2,23
1,100011,1,1.00,0.00,5142455,5,6,0,2,13
1,100011,1,1.00,0.00,5142456,6,14,0,3,23
1,100011,1,1.00,0.00,5142457,5,6,0,2,13
1,100011,1,1.00,0.00,5142458,5,6,0,2,13
1,100011,1,1.00,0.00,5142459,5,6,0,3,14
1,100011,1,1.00,0.00,5142460,5,8,1,1,15
1,100011,1,1.00,0.00,5142461,5,6,0,8,19
1,100011,1,1.00,0.00,5142462,5,7,0,2,14
1,100011,1,1.00,0.00,5142463,6,6,0,2,14
1,100011,1,1.00,0.00,5142464,5,9,0,1,15
1,100011,1,1.00,0.00,5142465,7,7,0,2,16
1,100011,1,1.00,0.00,5142466,5,7,0,2,14
1,100011,1,1.00,0.00,5142467,5,8,0,2,15
1,100011,1,1.00,0.00,5142468,5,7,0,2,14
1,100011,1,1.00,0.00,5142469,5,9,0,3,17
1,100011,1,1.00,0.00,5142470,4,9,0,2,15
1,100011,1,1.00,0.00,5142471,5,8,0,6,19
1,100011,1,1.00,0.00,5142472,5,10,0,1,16
1,100011,1,1.00,0.00,5142473,7,4,0,3,14
1,100011,1,1.00,0.00,5142474,5,8,0,2,15
1,100011,1,1.00,0.00,5142475,12,10,0,2,24
1,100011,1,1.00,0.00,5142476,5,6,0,2,13
1,100011,1,1.00,0.00,5142477,12,8,0,4,24
1,100011,1,1.00,0.00,5142478,7,10,0,5,22
1,100011,1,1.00,0.00,5142479,8,12,0,2,22
1,100011,1,1.00,0.00,5142480,12,19,0,2,33
1,100011,1,1.00,0.00,5142481,5,6,0,2,13
1,100011,1,1.00,0.00,5142482,6,14,1,2,23
1,100011,1,1.00,0.00,5142483,9,7,0,2,18
1,100011,1,1.00,0.00,5142484,6,5,0,3,14
1,100011,1,1.00,0.00,5142485,5,7,1,3,16
1,100011,1,1.00,0.00,5142486,5,7,0,2,14
1,100011,1,1.00,0.00,5142487,4,13,0,3,20
1,100011,1,1.00,0.00,5142488,5,7,0,2,14
1,100011,1,1.00,0.00,5142489,5,6,0,4,15
1,100011,1,1.00,0.00,5142490,11,9,0,2,22
1,100011,1,1.00,0.00,5142491,5,7,0,2,14
1,100011,1,1.00,0.00,5142492,5,15,0,2,22
1,100011,1,1.00,0.00,5142493,5,6,0,2,13
1,100011,1,1.00,0.00,5142494,6,7,0,2,15
1,100011,1,1.00,0.00,5142495,7,5,0,5,17
1,100011,1,1.00,0.00,5142496,5,8,0,2,15
1,100011,1,1.00,0.00,5142497,6,5,0,5,16
1,100011,1,1.00,0.00,5142498,6,8,0,6,20
1,100011,1,1.00,0.00,5142499,7,6,0,2,15
1,100011,1,1.00,0.00,5142500,13,0,2,0,15
1,100011,1,1.00,0.00,5142501,6,6,0,2,14
1,100011,1,1.00,0.00,5142502,10,2,0,2,14
1,100011,1,1.00,0.00,5142503,8,8,0,4,20
1,100011,1,1.00,0.00,5142504,5,8,0,1,14
1,100011,1,1.00,0.00,5142505,5,9,0,2,16
1,100011,1,1.00,0.00,5142506,5,6,0,2,13
1,100011,1,1.00,0.00,5142507,8,17,1,3,29
1,100011,1,1.00,0.00,5142508,7,8,0,2,17
1,100011,1,1.00,0.00,5142509,15,15,0,4,34
1,100011,1,1.00,0.00,5142510,8,6,2,0,16
1,100011,1,1.00,0.00,5142511,10,19,0,2,31
1,100011,1,1.00,0.00,5142512,6,8,0,3,17
1,100011,1,1.00,0.00,5142513,9,6,0,3,18
1,100011,1,1.00,0.00,5142514,5,14,0,5,24
1,100011,1,1.00,0.00,5142515,6,8,0,2,16
1,100011,1,1.00,0.00,5142516,11,19,0,0,30
1,100011,1,1.00,0.00,5142517,9,7,0,6,22
1,100011,1,1.00,0.00,5142518,10,8,0,2,20
1,100011,1,1.00,0.00,5142519,5,12,0,3,20
1,100011,1,1.00,0.00,5142520,5,10,0,7,22
1,100011,1,1.00,0.00,5142521,8,8,0,2,18
1,100011,1,1.00,0.00,5142522,7,6,1,10,24
1,100011,1,1.00,0.00,5142523,9,14,0,3,26
1,100011,1,1.00,0.00,5142524,5,8,1,2,16
1,100011,1,1.00,0.00,5142525,5,6,0,6,17
1,100011,1,1.00,0.00,5142526,5,7,0,2,14
1,100011,1,1.00,0.00,5142527,8,8,0,16,32
1,100011,1,1.00,0.00,5142528,5,13,0,2,20
1,100011,1,1.00,0.00,5142529,5,6,0,2,13
1,100011,1,1.00,0.00,5142530,11,21,0,3,35
1,100011,1,1.00,0.00,5142531,5,7,0,2,14
1,100011,1,1.00,0.00,5142532,5,15,0,9,29
1,100011,1,1.00,0.00,5142533,5,12,0,2,19
1,100011,1,1.00,0.00,5142534,10,7,0,3,20
1,100011,1,1.00,0.00,5142535,5,7,0,2,14
1,100011,1,1.00,0.00,5142536,5,11,0,2,18
1,100011,1,1.00,0.00,5142537,10,6,2,4,22
1,100011,1,1.00,0.00,5142538,5,12,1,2,20
1,100011,1,1.00,0.00,5142539,5,7,0,2,14
1,100011,1,1.00,0.00,5142540,5,7,0,3,15
1,100011,1,1.00,0.00,5142541,5,7,0,3,15
1,100011,1,1.00,0.00,5142542,6,18,0,4,28
1,100011,1,1.00,0.00,5142543,5,6,0,8,19
1,100011,1,1.00,0.00,5142544,5,15,0,10,30
1,100011,1,1.00,0.00,5142545,6,8,0,2,16
1,100011,1,1.00,0.00,5142546,10,6,0,3,19
1,100011,1,1.00,0.00,5142547,9,8,0,3,20
1,100011,1,1.00,0.00,5142548,7,13,0,11,31
1,100011,1,1.00,0.00,5142549,6,12,0,2,20
1,100011,1,1.00,0.00,5142550,14,6,3,5,28
1,100011,1,1.00,0.00,5142551,9,7,0,2,18
1,100011,1,1.00,0.00,5142552,4,6,0,2,12
1,100011,1,1.00,0.00,5142553,5,6,0,2,13
1,100011,1,1.00,0.00,5142554,4,6,0,1,11
1,100011,1,1.00,0.00,5142555,5,6,0,2,13
1,100011,1,1.00,0.00,5142556,3,5,0,2,10
1,100011,1,1.00,0.00,5142557,19,0,0,3,22
1,100011,1,1.00,0.00,5142558,6,6,1,2,15
1,100011,1,1.00,0.00,5142559,15,5,0,2,22
1,100011,1,1.00,0.00,5142560,6,9,0,2,17
1,100011,1,1.00,0.00,5142561,5,9,1,1,16
1,100011,1,1.00,0.00,5142562,7,11,4,0,22
1,100011,1,1.00,0.00,5142563,5,7,0,2,14
1,100011,1,1.00,0.00,5142564,6,4,0,2,12
1,100011,1,1.00,0.00,5142565,5,8,0,3,16
1,100011,1,1.00,0.00,5142566,6,7,0,2,15
1,100011,1,1.00,0.00,5142567,5,7,0,2,14
1,100011,1,1.00,0.00,5142568,5,7,0,2,14
1,100011,1,1.00,0.00,5142569,8,10,0,3,21
1,100011,1,1.00,0.00,5142570,6,7,0,2,15
1,100011,1,1.00,0.00,5142571,8,15,0,2,25
1,100011,1,1.00,0.00,5142572,9,7,0,2,18
1,100011,1,1.00,0.00,5142573,5,13,0,3,21
1,100011,1,1.00,0.00,5142574,4,6,1,1,12
1,100011,1,1.00,0.00,5142575,3,4,0,2,9
1,100011,1,1.00,0.00,5142576,4,5,0,1,10
1,100011,1,1.00,0.00,5142577,9,10,0,0,19
1,100011,1,1.00,0.00,5142578,5,7,0,2,14
1,100011,1,1.00,0.00,5142579,5,7,0,0,12
1,100011,1,1.00,0.00,5142580,5,7,0,2,14
1,100011,1,1.00,0.00,5142581,4,8,0,2,14
1,100011,1,1.00,0.00,5142582,5,7,0,2,14
1,100011,1,1.00,0.00,5142583,5,10,0,2,17
1,100011,1,1.00,0.00,5142584,4,6,0,2,12
1,100011,1,1.00,0.00,5142585,6,7,0,3,16
1,100011,1,1.00,0.00,5142586,2,3,0,2,7
1,100011,1,1.00,0.00,5142587,3,4,0,1,8
1,100011,1,1.00,0.00,5142588,5,8,0,2,15
1,100011,1,1.00,0.00,5142589,5,5,0,6,16
1,100011,1,1.00,0.00,5142590,3,4,0,1,8
1,100011,1,1.00,0.00,5142591,6,7,0,2,15
1,100011,1,1.00,0.00,5142592,3,5,0,0,8
1,100011,1,1.00,0.00,5142593,4,6,0,2,12
1,100011,1,1.00,0.00,5142594,5,7,0,5,17
1,100011,1,1.00,0.00,5142595,4,7,0,8,19
1,100011,1,1.00,0.00,5142596,5,7,4,2,18
1,100011,1,1.00,0.00,5142597,7,6,0,2,15
1,100011,1,1.00,0.00,5142598,5,7,0,2,14
1,100011,1,1.00,0.00,5142599,3,4,0,1,8
1,100011,1,1.00,0.00,5142600,6,12,0,0,18
1,100011,1,1.00,0.00,5142601,5,6,0,2,13
1,100011,1,1.00,0.00,5142602,6,8,0,3,17
1,100011,1,1.00,0.00,5142603,5,8,0,2,15
