TestNumber,Account,OPS_Req,OPS_Mean,OPS_Sd,Order,New,Calculated1,Filled,Calculated2,Total
1,100011,1,1.00,0.00,5174002,436,420,52,31,939
1,100011,1,1.00,0.00,5174003,53,0,1,0,54
1,100011,1,1.00,0.00,5174004,4,5,0,2,11
1,100011,1,1.00,0.00,5174005,6,9,0,2,17
1,100011,1,1.00,0.00,5174006,7,7,0,3,17
1,100011,1,1.00,0.00,5174007,6,13,0,3,22
1,100011,1,1.00,0.00,5174008,5,6,0,2,13
1,100011,1,1.00,0.00,5174009,7,12,0,2,21
1,100011,1,1.00,0.00,5174010,5,7,0,3,15
1,100011,1,1.00,0.00,5174011,10,7,0,3,20
1,100011,1,1.00,0.00,5174012,14,12,0,0,26
1,100011,1,1.00,0.00,5174013,5,10,0,0,15
1,100011,1,1.00,0.00,5174014,9,10,0,5,24
1,100011,1,1.00,0.00,5174015,5,7,3,0,15
1,100011,1,1.00,0.00,5174016,14,14,2,6,36
1,100011,1,1.00,0.00,5174017,7,23,5,0,35
1,100011,1,1.00,0.00,5174018,7,13,0,1,21
1,100011,1,1.00,0.00,5174019,5,9,0,2,16
1,100011,1,1.00,0.00,5174020,5,9,0,3,17
1,100011,1,1.00,0.00,5174021,10,18,0,1,29
1,100011,1,1.00,0.00,5174022,9,22,12,0,43
1,100011,1,1.00,0.00,5174023,20,9,2,0,31
1,100011,1,1.00,0.00,5174024,9,10,0,1,20
1,100011,1,1.00,0.00,5174025,8,9,0,5,22
1,100011,1,1.00,0.00,5174026,5,5,2,1,13
1,100011,1,1.00,0.00,5174027,6,5,0,0,11
1,100011,1,1.00,0.00,5174028,13,21,0,5,39
1,100011,1,1.00,0.00,5174029,11,11,5,0,27
1,100011,1,1.00,0.00,5174030,9,8,0,3,20
1,100011,1,1.00,0.00,5174031,4,5,0,2,11
1,100011,1,1.00,0.00,5174032,7,17,0,2,26
1,100011,1,1.00,0.00,5174033,17,20,0,8,45
1,100011,1,1.00,0.00,5174034,3,8,0,0,11
1,100011,1,1.00,0.00,5174035,9,10,0,2,21
1,100011,1,1.00,0.00,5174036,6,10,4,0,20
1,100011,1,1.00,0.00,5174037,10,27,0,9,46
1,100011,1,1.00,0.00,5174038,4,6,0,1,11
1,100011,1,1.00,0.00,5174039,4,5,0,1,10
1,100011,1,1.00,0.00,5174040,8,11,0,7,26
1,100011,1,1.00,0.00,5174041,6,6,0,3,15
1,100011,1,1.00,0.00,5174042,7,9,0,5,21
1,100011,1,1.00,0.00,5174043,15,17,4,0,36
1,100011,1,1.00,0.00,5174044,9,17,0,3,29
1,100011,1,1.00,0.00,5174045,7,6,0,0,13
1,100011,1,1.00,0.00,5174046,5,7,0,3,15
1,100011,1,1.00,0.00,5174047,7,28,0,0,35
1,100011,1,1.00,0.00,5174048,7,8,0,3,18
1,100011,1,1.00,0.00,5174049,13,14,1,4,32
1,100011,1,1.00,0.00,5174050,7,7,2,3,19
1,100011,1,1.00,0.00,5174051,4,8,0,2,14
1,100011,1,1.00,0.00,5174052,6,16,0,2,24
1,100011,1,1.00,0.00,5174053,5,10,1,3,19
1,100011,1,1.00,0.00,5174054,5,6,0,4,15
1,100011,1,1.00,0.00,5174055,7,8,0,3,18
1,100011,1,1.00,0.00,5174056,6,9,0,2,17
1,100011,1,1.00,0.00,5174057,10,23,1,0,34
1,100011,1,1.00,0.00,5174058,10,14,1,6,31
1,100011,1,1.00,0.00,5174059,5,14,0,0,19
1,100011,1,1.00,0.00,5174060,5,10,0,2,17
1,100011,1,1.00,0.00,5174061,8,31,0,0,39
1,100011,1,1.00,0.00,5174062,5,8,0,6,19
1,100011,1,1.00,0.00,5174063,5,10,0,0,15
1,100011,1,1.00,0.00,5174064,5,8,0,2,15
1,100011,1,1.00,0.00,5174065,5,8,0,2,15
1,100011,1,1.00,0.00,5174066,5,8,0,3,16
1,100011,1,1.00,0.00,5174067,7,7,0,2,16
1,100011,1,1.00,0.00,5174068,4,8,0,4,16
1,100011,1,1.00,0.00,5174069,6,7,0,3,16
1,100011,1,1.00,0.00,5174070,5,8,0,2,15
1,100011,1,1.00,0.00,5174071,17,10,0,4,31
1,100011,1,1.00,0.00,5174072,6,8,0,3,17
1,100011,1,1.00,0.00,5174073,14,14,0,4,32
1,100011,1,1.00,0.00,5174074,10,12,0,0,22
1,100011,1,1.00,0.00,5174075,6,19,0,0,25
1,100011,1,1.00,0.00,5174076,7,10,0,3,20
1,100011,1,1.00,0.00,5174077,14,7,0,3,24
1,100011,1,1.00,0.00,5174078,5,10,0,3,18
1,100011,1,1.00,0.00,5174079,2,3,0,4,9
1,100011,1,1.00,0.00,5174080,10,16,2,2,30
1,100011,1,1.00,0.00,5174081,5,23,0,3,31
1,100011,1,1.00,0.00,5174082,8,9,0,3,20
1,100011,1,1.00,0.00,5174083,7,14,0,2,23
1,100011,1,1.00,0.00,5174084,14,21,0,3,38
1,100011,1,1.00,0.00,5174085,7,6,0,2,15
1,100011,1,1.00,0.00,5174086,5,8,0,3,16
1,100011,1,1.00,0.00,5174087,4,6,0,2,12
1,100011,1,1.00,0.00,5174088,18,9,1,5,33
1,100011,1,1.00,0.00,5174089,3,5,0,2,10
1,100011,1,1.00,0.00,5174090,7,10,0,6,23
1,100011,1,1.00,0.00,5174091,5,7,0,3,15
1,100011,1,1.00,0.00,5174092,8,8,0,3,19
1,100011,1,1.00,0.00,5174093,6,8,0,3,17
1,100011,1,1.00,0.00,5174094,5,8,0,1,14
1,100011,1,1.00,0.00,5174095,8,7,0,6,21
1,100011,1,1.00,0.00,5174096,5,6,0,2,13
1,100011,1,1.00,0.00,5174097,19,27,2,0,48
1,100011,1,1.00,0.00,5174098,9,2,0,2,13
1,100011,1,1.00,0.00,5174099,4,7,0,2,13
1,100011,1,1.00,0.00,5174100,13,10,0,2,25
1,100011,1,1.00,0.00,5174101,7,9,1,4,21
1,100011,1,1.00,0.00,5174102,7,7,0,3,17
1,100011,1,1.00,0.00,5174103,5,16,12,3,36
1,100011,1,1.00,0.00,5174104,6,7,0,4,17
1,100011,1,1.00,0.00,5174105,6,11,0,1,18
1,100011,1,1.00,0.00,5174106,6,8,1,3,18
1,100011,1,1.00,0.00,5174107,6,15,4,10,35
1,100011,1,1.00,0.00,5174108,8,7,0,7,22
1,100011,1,1.00,0.00,5174109,6,11,0,4,21
1,100011,1,1.00,0.00,5174110,4,9,0,2,15
1,100011,1,1.00,0.00,5174111,9,15,0,1,25
1,100011,1,1.00,0.00,5174112,7,8,0,3,18
1,100011,1,1.00,0.00,5174113,7,7,1,2,17
1,100011,1,1.00,0.00,5174114,8,7,1,2,18
1,100011,1,1.00,0.00,5174115,5,7,0,3,15
1,100011,1,1.00,0.00,5174116,9,4,0,3,16
1,100011,1,1.00,0.00,5174117,5,8,3,0,16
1,100011,1,1.00,0.00,5174118,5,11,1,3,20
1,100011,1,1.00,0.00,5174119,5,16,0,2,23
1,100011,1,1.00,0.00,5174120,6,11,1,0,18
1,100011,1,1.00,0.00,5174121,5,12,3,0,20
1,100011,1,1.00,0.00,5174122,7,10,0,4,21
1,100011,1,1.00,0.00,5174123,6,10,0,4,20
1,100011,1,1.00,0.00,5174124,5,8,1,3,17
1,100011,1,1.00,0.00,5174125,6,10,0,3,19
1,100011,1,1.00,0.00,5174126,8,3,0,2,13
1,100011,1,1.00,0.00,5174127,6,12,1,0,19
1,100011,1,1.00,0.00,5174128,6,10,0,2,18
1,100011,1,1.00,0.00,5174129,5,12,0,3,20
1,100011,1,1.00,0.00,5174130,6,8,0,3,17
1,100011,1,1.00,0.00,5174131,6,9,4,1,20
1,100011,1,1.00,0.00,5174132,6,9,9,2,26
1,100011,1,1.00,0.00,5174133,10,10,0,5,25
1,100011,1,1.00,0.00,5174134,5,8,3,0,16
1,100011,1,1.00,0.00,5174135,7,6,0,3,16
1,100011,1,1.00,0.00,5174136,7,5,0,2,14
1,100011,1,1.00,0.00,5174137,4,6,3,0,13
1,100011,1,1.00,0.00,5174138,6,11,0,3,20
1,100011,1,1.00,0.00,5174139,7,9,0,3,19
1,100011,1,1.00,0.00,5174140,5,13,0,5,23
1,100011,1,1.00,0.00,5174141,4,6,0,2,12
1,100011,1,1.00,0.00,5174142,16,10,4,1,31
1,100011,1,1.00,0.00,5174143,9,9,1,3,22
1,100011,1,1.00,0.00,5174144,6,9,0,6,21
1,100011,1,1.00,0.00,5174145,6,6,0,2,14
1,100011,1,1.00,0.00,5174146,11,3,0,0,14
1,100011,1,1.00,0.00,5174147,4,6,0,3,13
1,100011,1,1.00,0.00,5174148,5,8,0,3,16
1,100011,1,1.00,0.00,5174149,5,6,0,2,13
1,100011,1,1.00,0.00,5174150,3,10,0,2,15
1,100011,1,1.00,0.00,5174151,5,9,0,0,14
1,100011,1,1.00,0.00,5174152,6,10,0,4,20
1,100011,1,1.00,0.00,5174153,6,10,0,3,19
1,100011,1,1.00,0.00,5174154,9,11,0,4,24
1,100011,1,1.00,0.00,5174155,4,5,0,7,16
1,100011,1,1.00,0.00,5174156,4,5,0,4,13
1,100011,1,1.00,0.00,5174157,5,8,0,4,17
1,100011,1,1.00,0.00,5174158,4,5,0,2,11
1,100011,1,1.00,0.00,5174159,5,5,0,2,12
1,100011,1,1.00,0.00,5174160,10,8,0,7,25
1,100011,1,1.00,0.00,5174161,5,10,0,3,18
1,100011,1,1.00,0.00,5174162,3,5,0,2,10
1,100011,1,1.00,0.00,5174163,6,12,0,2,20
1,100011,1,1.00,0.00,5174164,7,6,0,3,16
1,100011,1,1.00,0.00,5174165,5,9,0,17,31
1,100011,1,1.00,0.00,5174166,5,5,0,2,12
1,100011,1,1.00,0.00,5174167,6,7,0,3,16
1,100011,1,1.00,0.00,5174168,6,11,0,2,19
1,100011,1,1.00,0.00,5174169,7,9,1,2,19
1,100011,1,1.00,0.00,5174170,5,7,0,3,15
1,100011,1,1.00,0.00,5174171,7,17,0,3,27
1,100011,1,1.00,0.00,5174172,6,9,0,3,18
1,100011,1,1.00,0.00,5174173,6,11,1,7,25
1,100011,1,1.00,0.00,5174174,16,6,0,1,23
1,100011,1,1.00,0.00,5174175,10,9,0,3,22
1,100011,1,1.00,0.00,5174176,5,12,0,0,17
1,100011,1,1.00,0.00,5174177,9,11,0,0,20
1,100011,1,1.00,0.00,5174178,5,10,0,3,18
1,100011,1,1.00,0.00,5174179,8,6,0,3,17
1,100011,1,1.00,0.00,5174180,5,9,0,5,19
1,100011,1,1.00,0.00,5174181,5,9,1,3,18
1,100011,1,1.00,0.00,5174182,5,11,0,8,24
1,100011,1,1.00,0.00,5174183,6,17,5,0,28
1,100011,1,1.00,0.00,5174184,7,9,0,1,17
1,100011,1,1.00,0.00,5174185,9,11,0,3,23
1,100011,1,1.00,0.00,5174186,7,11,6,0,24
1,100011,1,1.00,0.00,5174187,6,10,0,4,20
1,100011,1,1.00,0.00,5174188,5,15,1,2,23
1,100011,1,1.00,0.00,5174189,7,9,1,3,20
1,100011,1,1.00,0.00,5174190,6,11,1,2,20
1,100011,1,1.00,0.00,5174191,6,9,1,2,18
1,100011,1,1.00,0.00,5174192,10,9,1,3,23
1,100011,1,1.00,0.00,5174193,5,5,0,2,12
1,100011,1,1.00,0.00,5174194,7,10,1,2,20
1,100011,1,1.00,0.00,5174195,6,9,1,3,19
1,100011,1,1.00,0.00,5174196,5,12,0,0,17
1,100011,1,1.00,0.00,5174197,7,13,1,3,24
1,100011,1,1.00,0.00,5174198,7,6,0,3,16
1,100011,1,1.00,0.00,5174199,5,9,0,2,16
1,100011,1,1.00,0.00,5174200,8,9,1,4,22
1,100011,1,1.00,0.00,5174201,6,10,0,8,24
1,100011,1,1.00,0.00,5174202,11,4,6,0,21
1,100011,1,1.00,0.00,5174203,12,22,1,3,38
1,100011,1,1.00,0.00,5174204,6,8,1,4,19
1,100011,1,1.00,0.00,5174205,3,5,0,2,10
1,100011,1,1.00,0.00,5174206,21,12,0,4,37
1,100011,1,1.00,0.00,5174207,5,8,0,2,15
1,100011,1,1.00,0.00,5174208,7,17,0,7,31
1,100011,1,1.00,0.00,5174209,7,10,0,7,24
1,100011,1,1.00,0.00,5174210,5,8,0,5,18
1,100011,1,1.00,0.00,5174211,14,11,0,0,25
1,100011,1,1.00,0.00,5174212,14,11,0,0,25
1,100011,1,1.00,0.00,5174213,6,7,3,2,18
1,100011,1,1.00,0.00,5174214,7,8,0,3,18
1,100011,1,1.00,0.00,5174215,6,7,0,3,16
1,100011,1,1.00,0.00,5174216,7,10,0,1,18
1,100011,1,1.00,0.00,5174217,6,10,0,2,18
1,100011,1,1.00,0.00,5174218,6,11,0,3,20
1,100011,1,1.00,0.00,5174219,5,5,0,5,15
1,100011,1,1.00,0.00,5174220,6,9,1,2,18
1,100011,1,1.00,0.00,5174221,5,6,2,0,13
1,100011,1,1.00,0.00,5174222,19,9,0,12,40
1,100011,1,1.00,0.00,5174223,4,8,0,2,14
1,100011,1,1.00,0.00,5174224,7,8,0,6,21
1,100011,1,1.00,0.00,5174225,5,6,0,2,13
1,100011,1,1.00,0.00,5174226,10,16,4,0,30
1,100011,1,1.00,0.00,5174227,8,12,1,0,21
1,100011,1,1.00,0.00,5174228,6,9,5,0,20
1,100011,1,1.00,0.00,5174229,10,23,0,1,34
1,100011,1,1.00,0.00,5174230,5,10,0,3,18
1,100011,1,1.00,0.00,5174231,5,6,0,1,12
1,100011,1,1.00,0.00,5174232,5,17,1,3,26
1,100011,1,1.00,0.00,5174233,6,10,0,4,20
1,100011,1,1.00,0.00,5174234,19,32,0,3,54
1,100011,1,1.00,0.00,5174235,6,9,0,5,20
1,100011,1,1.00,0.00,5174236,14,25,0,0,39
1,100011,1,1.00,0.00,5174237,7,8,0,4,19
1,100011,1,1.00,0.00,5174238,7,5,0,10,22
1,100011,1,1.00,0.00,5174239,16,17,0,3,36
1,100011,1,1.00,0.00,5174240,14,14,1,4,33
1,100011,1,1.00,0.00,5174241,7,18,2,0,27
1,100011,1,1.00,0.00,5174242,13,14,0,3,30
1,100011,1,1.00,0.00,5174243,4,7,0,2,13
1,100011,1,1.00,0.00,5174244,9,11,5,0,25
1,100011,1,1.00,0.00,5174245,6,7,1,3,17
1,100011,1,1.00,0.00,5174246,17,15,1,5,38
1,100011,1,1.00,0.00,5174247,5,10,0,3,18
1,100011,1,1.00,0.00,5174248,9,7,0,2,18
1,100011,1,1.00,0.00,5174249,4,5,0,2,11
1,100011,1,1.00,0.00,5174250,7,9,4,8,28
1,100011,1,1.00,0.00,5174251,7,15,0,6,28
1,100011,1,1.00,0.00,5174252,6,17,0,2,25
1,100011,1,1.00,0.00,5174253,5,8,0,3,16
1,100011,1,1.00,0.00,5174254,4,6,0,2,12
1,100011,1,1.00,0.00,5174255,5,13,1,0,19
1,100011,1,1.00,0.00,5174256,5,8,0,2,15
1,100011,1,1.00,0.00,5174257,6,10,0,2,18
1,100011,1,1.00,0.00,5174258,8,32,0,6,46
1,100011,1,1.00,0.00,5174259,6,7,0,2,15
1,100011,1,1.00,0.00,5174260,5,8,5,3,21
1,100011,1,1.00,0.00,5174261,11,18,0,6,35
1,100011,1,1.00,0.00,5174262,19,26,0,3,48
1,100011,1,1.00,0.00,5174263,7,12,0,2,21
1,100011,1,1.00,0.00,5174264,12,12,0,4,28
1,100011,1,1.00,0.00,5174265,8,18,0,4,30
1,100011,1,1.00,0.00,5174266,11,19,0,4,34
1,100011,1,1.00,0.00,5174267,3,7,0,2,12
1,100011,1,1.00,0.00,5174268,5,15,0,2,22
1,100011,1,1.00,0.00,5174269,3,5,0,2,10
1,100011,1,1.00,0.00,5174270,11,3,0,3,17
1,100011,1,1.00,0.00,5174271,4,7,0,2,13
1,100011,1,1.00,0.00,5174272,5,17,0,6,28
1,100011,1,1.00,0.00,5174273,11,17,0,6,34
1,100011,1,1.00,0.00,5174274,11,30,2,0,43
1,100011,1,1.00,0.00,5174275,6,10,0,4,20
1,100011,1,1.00,0.00,5174276,5,7,0,7,19
1,100011,1,1.00,0.00,5174277,5,17,3,0,25
1,100011,1,1.00,0.00,5174278,4,5,0,4,13
1,100011,1,1.00,0.00,5174279,5,12,0,12,29
1,100011,1,1.00,0.00,5174280,5,8,0,1,14
1,100011,1,1.00,0.00,5174281,5,8,3,0,16
1,100011,1,1.00,0.00,5174282,8,12,0,2,22
1,100011,1,1.00,0.00,5174283,9,18,1,5,33
1,100011,1,1.00,0.00,5174284,7,11,0,14,32
1,100011,1,1.00,0.00,5174285,8,14,0,0,22
1,100011,1,1.00,0.00,5174286,5,8,1,4,18
1,100011,1,1.00,0.00,5174287,6,9,0,3,18
1,100011,1,1.00,0.00,5174288,5,7,0,7,19
1,100011,1,1.00,0.00,5174289,7,8,0,2,17
1,100011,1,1.00,0.00,5174290,8,5,0,1,14
1,100011,1,1.00,0.00,5174291,8,32,0,1,41
1,100011,1,1.00,0.00,5174292,5,16,0,3,24
1,100011,1,1.00,0.00,5174293,10,6,0,3,19
1,100011,1,1.00,0.00,5174294,4,12,0,4,20
1,100011,1,1.00,0.00,5174295,5,10,0,4,19
1,100011,1,1.00,0.00,5174296,6,13,0,0,19
1,100011,1,1.00,0.00,5174297,8,7,0,5,20
1,100011,1,1.00,0.00,5174298,5,25,0,5,35
1,100011,1,1.00,0.00,5174299,6,8,3,0,17
1,100011,1,1.00,0.00,5174300,13,18,0,4,35
1,100011,1,1.00,0.00,5174301,8,11,0,3,22
